1.0016 -0.00259371 0.329657 0.00293015 1.00306 -1.70316 1.56192e-06 1.53123e-06 1 1
0.999547 -0.00254386 0.695653 0.002441 0.999206 -0.667461 -1.40701e-07 -1.03149e-06 1 1
1.00023 -0.000576002 0.477846 0.00256188 0.999986 -0.746613 -3.60552e-07 1.33172e-06 1 1
0.998477 -0.00296442 1.67783 0.00229524 0.999829 -1.17309 -2.65302e-06 1.10161e-06 1 1
0.998402 -0.00466194 1.91323 0.00342975 0.999942 -1.37462 -2.01268e-06 -6.86973e-07 1 1
1.00025 -0.00462871 1.23476 0.00384826 1.00021 -1.0976 3.30914e-07 3.5912e-08 1 1
1.00093 -0.00407694 0.456585 0.0037373 0.999634 -0.933127 1.82858e-06 -1.05405e-06 1 1
1.00249 -0.00257977 -0.294167 0.00381598 1.00068 -1.21617 3.86277e-06 -1.1577e-06 1 1
0.999491 -0.00193593 0.45496 0.00249699 0.999222 -0.899237 -5.86932e-07 -2.41209e-07 1 1
0.999442 -0.00269225 0.949749 0.0027744 1.00045 -1.31072 -1.31985e-06 1.73525e-06 1 1
1.00022 -0.00321402 1.02048 0.00395608 1.0004 -1.613 7.78827e-08 1.23453e-07 1 1
0.999046 -0.00534611 1.79838 0.00388021 0.999546 -1.47665 -1.32707e-06 4.78764e-07 1 1
1.00016 -0.00509954 1.21952 0.0052925 1.0005 -2.16834 5.41071e-08 8.98037e-07 1 1
0.999854 -0.0046112 1.31383 0.0051603 1.00032 -2.00971 -6.91677e-07 1.24616e-06 1 1
1.00007 -0.00482446 1.17047 0.00484193 1.001 -2.06929 -2.00082e-07 1.19984e-06 1 1
1.00064 -0.00408185 0.741519 0.00456869 0.999332 -1.58093 1.08501e-06 -2.45613e-07 1 1
1.00059 -0.00293844 0.78525 0.00383573 1.00154 -1.90907 8.29617e-09 2.1251e-06 1 1
1.00031 -0.00342281 1.04258 0.00417599 1.00052 -1.74055 -1.0009e-07 1.83798e-06 1 1
0.999966 -0.0039899 1.24687 0.00401804 1.00055 -1.8952 -4.54653e-07 1.14912e-06 1 1
0.998105 -0.00510864 1.88063 0.00404264 0.999269 -1.71303 -2.1681e-06 -3.41501e-07 1 1
0.999502 -0.0058331 1.75249 0.00498817 1.00038 -2.04261 -7.83775e-07 8.78189e-07 1 1
1.00097 -0.0052889 0.884496 0.00548825 1.00073 -2.16664 6.64792e-07 2.19654e-06 1 1
1.00076 -0.005942 0.805876 0.00601612 1.00087 -2.57216 1.16611e-06 4.54994e-07 1 1
1.00149 -0.00669828 0.64564 0.00667615 1.00143 -2.81677 1.90295e-06 1.63964e-06 1 1
1.00161 -0.00445153 0.0486103 0.00693759 1.00081 -2.6759 2.31221e-06 3.75425e-07 1 1
1.0005 -0.00591093 0.977484 0.00611314 1.00103 -2.57129 8.80283e-07 3.50434e-08 1 1
1.00124 -0.00640896 0.735777 0.00646548 1.00103 -2.31196 1.38235e-06 1.16418e-06 1 1
1.00179 -0.00540247 0.193254 0.00660182 1.00156 -2.3992 2.57806e-06 4.46818e-07 1 1
1.00069 -0.00497928 0.491222 0.00565976 1.00017 -1.83516 1.426e-06 -5.71835e-07 1 1
1.00014 -0.00501582 0.712354 0.00531382 0.999471 -1.60887 9.20798e-07 -1.6808e-06 1 1
1.00136 -0.0032024 0.322187 0.00432065 1.00021 -1.0514 1.44907e-06 1.05451e-06 1 1
1.00082 -0.0038764 0.521513 0.00409891 1.00004 -1.56379 7.06175e-07 1.49934e-06 1 1
1.00099 -0.00391063 0.324902 0.0044208 1.00047 -2.17593 1.5085e-06 1.07524e-06 1 1
1.00165 -0.00364683 0.0450119 0.00448032 1.00254 -2.41184 1.73497e-06 1.55242e-06 1 1
1.0015 -0.00385163 -0.0951715 0.00453971 1.00105 -1.71942 1.67795e-06 1.65175e-06 1 1
1.00124 -0.00377795 0.0855742 0.00507562 1.00031 -2.09587 1.64254e-06 1.1923e-06 1 1
1.00128 -0.00452151 0.549206 0.00586804 1.00128 -2.70379 1.56716e-06 1.26488e-06 1 1
1.00043 -0.00443644 0.887926 0.00476946 1.0012 -2.14248 7.6667e-07 -3.43888e-07 1 1
1.00126 -0.00354941 0.478888 0.00439538 1.00065 -1.30882 1.17709e-06 1.18735e-06 1 1
1.00095 -0.00427115 0.668437 0.00466231 1.00022 -1.74414 1.70692e-06 -2.17845e-07 1 1
1.00046 -0.00482836 0.75303 0.00449485 1.00086 -1.69882 5.81383e-07 5.57809e-07 1 1
1.00083 -0.00449726 0.395215 0.00503202 1.00006 -1.6621 1.40403e-06 4.0058e-07 1 1
1.00089 -0.00601216 0.676148 0.00554759 1.0009 -2.33277 1.4933e-06 6.67066e-07 1 1
1.00124 -0.005968 0.319603 0.00569282 1.00096 -2.14774 2.98711e-06 -1.85286e-06 1 1
1.0022 -0.00575029 -0.276985 0.0056877 1.00141 -1.62797 3.35427e-06 -1.46091e-07 1 1
1.00315 -0.00366704 -1.07264 0.00622886 1.00119 -1.8182 4.48111e-06 7.53142e-07 1 1
1.00052 -0.00462725 0.309608 0.00557643 0.999307 -1.77455 2.21795e-06 -2.00885e-06 1 1
1.00011 -0.00441099 0.733593 0.0052486 1.00041 -1.92186 2.79212e-07 -9.7788e-08 1 1
0.999285 -0.00650597 1.602 0.00545298 0.999361 -1.65049 -1.12721e-07 -1.90688e-06 1 1
1.00144 -0.005895 0.826109 0.00654026 1.00096 -2.0293 1.33388e-06 2.28292e-06 1 1
1.00064 -0.00621131 1.15763 0.00719921 0.999616 -2.77268 1.32228e-06 1.53845e-07 1 1
1.00105 -0.00596873 1.19924 0.00687852 1.00158 -2.9519 9.39886e-07 2.27249e-06 1 1
1.00084 -0.00682573 1.22199 0.00697599 1.00133 -2.97271 1.18476e-06 6.0057e-07 1 1
1.00102 -0.00848056 1.33501 0.00793577 1.00102 -2.96202 1.51203e-06 4.76708e-07 1 1
1.00114 -0.00845279 0.96743 0.00889744 1.00113 -3.11435 1.57266e-06 1.35734e-06 1 1
1.00147 -0.00769975 0.711091 0.00910531 1.0012 -3.02136 2.04269e-06 4.47236e-07 1 1
1.00236 -0.00723112 0.737267 0.00837631 1.00034 -2.44498 3.48204e-06 -1.47485e-07 1 1
1.00054 -0.00718567 1.08138 0.00691515 0.999867 -2.00575 1.72937e-06 -1.90917e-06 1 1
1.00172 -0.0045885 0.482871 0.00677543 1.00021 -1.73473 1.90104e-06 1.28469e-06 1 1
0.999647 -0.00595841 1.42285 0.00573042 1.00003 -2.06223 -3.86341e-07 -2.44443e-07 1 1
1.00043 -0.00639557 1.12146 0.00574259 1.00138 -1.72818 9.13915e-07 -7.47711e-07 1 1
0.999304 -0.00502454 0.99102 0.00526892 0.997778 -0.805851 1.28963e-09 -2.26566e-06 1 1
0.997838 -0.00586436 1.94189 0.00543711 0.998259 -1.39977 -2.97632e-06 -1.47345e-07 1 1
1.00027 -0.0082947 1.91491 0.00665981 1.00099 -2.32581 4.64264e-07 -5.41655e-07 1 1
1.00195 -0.00816792 0.808149 0.00730555 1.00031 -1.86812 2.63563e-06 8.86079e-07 1 1
1.00318 -0.00673265 -0.583548 0.0076972 1.00028 -2.46907 5.65092e-06 -9.66208e-07 1 1
1.00244 -0.00397217 -0.837531 0.00642653 1.0014 -2.52431 3.16788e-06 2.09387e-06 1 1
1.00186 -0.00350126 -0.31732 0.00616785 1.00179 -2.99779 2.23436e-06 1.81909e-06 1 1
1.00039 -0.00472295 0.808644 0.00538487 1.00131 -2.52876 3.63718e-07 5.90972e-07 1 1
1.00038 -0.00739213 1.24081 0.00683466 1.00127 -2.42193 3.21287e-08 6.85705e-07 1 1
0.998363 -0.00800651 1.47599 0.00631934 0.997725 -1.4548 -1.07329e-06 -1.99567e-06 1 1
1.0014 -0.00828882 0.761252 0.00789253 1.00097 -2.46495 2.16639e-06 -5.69368e-08 1 1
0.999874 -0.00614755 0.416216 0.0079339 0.999714 -2.26857 4.86745e-07 -1.34158e-06 1 1
0.99882 -0.00750615 1.80818 0.00840546 0.997098 -2.25288 -1.32965e-06 -4.15306e-07 1 1
0.998757 -0.00821027 2.60627 0.00931161 0.999643 -3.89428 -2.4343e-06 1.24632e-06 1 1
0.999273 -0.0112928 3.47238 0.00972224 1.00149 -4.08692 -1.18561e-06 3.59569e-07 1 1
1.00034 -0.0149213 2.93607 0.0112422 1.00198 -3.57342 1.36541e-06 -2.47539e-06 1 1
1.00017 -0.012737 1.29802 0.012404 0.998183 -1.97709 2.96647e-06 -6.38682e-06 1 1
1.00069 -0.0127401 1.63684 0.0122919 1.00026 -2.21096 2.19285e-06 -1.96542e-06 1 1
1.00093 -0.0119552 1.16281 0.0129375 0.99839 -2.09883 3.35885e-06 -4.72388e-06 1 1
0.999139 -0.0126185 2.52236 0.0127633 0.997799 -2.31234 1.05018e-06 -5.32678e-06 1 1
0.998129 -0.0145139 3.57811 0.0135494 0.99684 -2.81622 -1.32713e-06 -3.6352e-06 1 1
0.998994 -0.0172248 4.54069 0.0164964 0.998732 -3.95255 -1.49046e-06 -3.80306e-07 1 1
0.998429 -0.0176046 4.95319 0.0187834 0.998425 -5.56688 -2.01476e-06 -1.27099e-08 1 1
0.998905 -0.0213438 6.2254 0.0197405 0.999145 -6.30235 -8.99061e-07 -1.28051e-06 1 1
1.00021 -0.019646 4.76008 0.0174328 1.00107 -5.23899 1.38587e-06 -1.64255e-06 1 1
1.00156 -0.0209521 3.50355 0.0176176 1.00006 -4.38004 3.62103e-06 -2.25507e-06 1 1
1.00216 -0.0186735 1.8197 0.0192249 0.999748 -4.90657 4.90562e-06 -2.85046e-06 1 1
1.00289 -0.0164333 1.69591 0.0192578 0.998566 -5.00694 5.05703e-06 -6.49593e-07 1 1
1.00011 -0.0124797 2.76384 0.0181792 0.99851 -6.16141 -9.34083e-07 3.9362e-06 1 1
0.9995 -0.0150357 5.1374 0.0171674 1.00042 -7.58956 -2.41305e-06 5.32224e-06 1 1
0.99995 -0.0160249 5.11654 0.0161085 1.00379 -7.50968 -1.6188e-06 4.30745e-06 1 1
1.00051 -0.0150514 4.233 0.0148472 1.00234 -5.6138 -7.80251e-08 2.07672e-06 1 1
0.9999 -0.0152486 3.78097 0.0144563 0.999875 -4.9399 -3.07754e-07 1.14809e-06 1 1
1.00005 -0.0170739 3.42114 0.0153243 1.00001 -5.42218 1.39883e-06 -1.87796e-06 1 1
1.00337 -0.0203569 2.75801 0.0178286 1.00156 -5.6339 7.04941e-06 -6.00317e-06 1 1
1.00285 -0.016378 0.908786 0.017306 1.00038 -4.20741 6.63475e-06 -5.15734e-06 1 1
1.00129 -0.0148249 1.65343 0.0167808 0.997525 -3.69462 3.45466e-06 -2.84763e-06 1 1
1.00091 -0.0154534 2.54633 0.0163682 0.998546 -4.6651 2.19141e-06 -1.10466e-06 1 1
1.00096 -0.0163782 3.06207 0.0167623 1.00061 -5.78553 1.36932e-06 1.25192e-06 1 1
1.00161 -0.0175139 3.04572 0.0182849 0.999942 -6.37854 2.58844e-06 1.0676e-06 1 1
1.00213 -0.0181296 3.09342 0.0187048 1.0005 -7.18267 2.69342e-06 3.12335e-06 1 1
1.00374 -0.0203154 2.78326 0.0209623 1.00227 -8.69794 4.58077e-06 4.85279e-06 1 1
1.0045 -0.0206524 1.9635 0.0220378 1.00715 -9.94357 6.15745e-06 3.42203e-06 1 1
1.00382 -0.0210551 1.68852 0.0240151 1.00235 -8.36265 6.15199e-06 3.9627e-07 1 1
1.00386 -0.0197124 2.32693 0.0244185 1.0012 -8.13034 4.72887e-06 3.89591e-06 1 1
1.00211 -0.0225267 3.93048 0.0250796 1.00194 -9.80351 1.72692e-06 5.13276e-06 1 1
1.00223 -0.0253024 4.40301 0.0267209 1.00434 -10.6795 3.45257e-06 1.68449e-06 1 1
1.00341 -0.0230582 4.11757 0.0266549 1.00096 -9.07002 2.8855e-06 7.48769e-06 1 1
1.00267 -0.0265317 4.57311 0.0279188 1.00108 -11.3865 2.51427e-06 6.12197e-06 1 1
1.00502 -0.025077 3.65778 0.029001 1.00451 -12.6377 5.53153e-06 7.04198e-06 1 1
1.00449 -0.0179792 2.49454 0.0253019 1.00747 -11.6754 4.25533e-06 6.90839e-06 1 1
1.00231 -0.018032 3.55952 0.0205706 1.00491 -8.51042 7.30174e-07 6.55071e-06 1 1
1.00272 -0.0197827 3.65278 0.0203834 1.00232 -7.63072 2.2306e-06 5.1475e-06 1 1
1.0041 -0.0163275 1.52388 0.0182308 1.00318 -7.12839 5.02449e-06 2.6365e-06 1 1
1.00328 -0.0135112 1.52354 0.0163475 1.00386 -6.78138 3.08584e-06 4.32007e-06 1 1
1.00376 -0.0140047 0.985853 0.0146278 1.00267 -5.60303 5.87817e-06 -9.34406e-07 1 1
1.00277 -0.0107198 0.770413 0.0128393 1.00102 -4.64499 2.81353e-06 2.87607e-06 1 1
1.00252 -0.0113542 1.18159 0.0127068 1.00094 -5.18755 1.77688e-06 4.89121e-06 1 1
1.00309 -0.012551 0.821432 0.0133679 1.00237 -6.35831 5.7817e-06 -2.14929e-06 1 1
1.00474 -0.00799984 -0.171872 0.0109743 1.00628 -4.71095 5.50434e-06 3.82413e-06 1 1
1.00193 -0.00511199 -0.0918243 0.00845528 1.00217 -2.67233 3.07173e-06 -6.14784e-07 1 1
0.999986 -0.00599357 1.41042 0.006783 0.999123 -1.58785 5.23445e-08 -7.64472e-08 1 1
0.999421 -0.00593558 1.65648 0.00686725 0.999959 -1.96025 8.8726e-08 -2.33825e-06 1 1
0.998243 -0.00592474 2.65271 0.00578046 0.998072 -0.998613 -2.98333e-06 8.87567e-07 1 1
0.998232 -0.00622703 2.75038 0.00619744 0.997585 -1.71153 -2.28991e-06 -2.83727e-07 1 1
0.998807 -0.00643037 2.73817 0.00544964 1.00032 -2.09507 -1.6271e-06 3.3909e-07 1 1
0.999807 -0.00862153 2.13377 0.00562346 0.998603 -1.75059 4.27413e-07 -9.27871e-07 1 1
1.00279 -0.00675048 -0.115144 0.00656839 1.00344 -2.41024 4.26071e-06 2.58619e-07 1 1
1.00268 -0.00574782 -0.835156 0.00680179 0.99999 -1.46515 4.98626e-06 -1.84704e-06 1 1
1.00384 -0.00652582 -0.849708 0.00649109 1.00181 -1.7243 6.6647e-06 -1.05851e-06 1 1
1.00402 -0.00336194 -1.94637 0.00566954 1.00152 -1.47761 5.73109e-06 8.47781e-07 1 1
1.00319 -0.00222669 -1.56501 0.00485093 1.00132 -1.69892 4.52167e-06 6.97768e-07 1 1
1.00334 -0.00288135 -1.2919 0.00340359 1.00259 -1.48235 5.09817e-06 -6.09553e-08 1 1
1.00236 -0.00139562 -1.58468 0.00277484 1.0013 -0.86166 3.54555e-06 9.04722e-10 1 1
1.00215 -0.000963105 -1.43233 0.00258047 1.00124 -0.730147 2.63862e-06 9.18852e-07 1 1
1.00309 -0.00268239 -1.2505 0.0025744 1.00098 -0.780812 4.84766e-06 6.57911e-08 1 1
1.00271 0.00263594 -2.34194 0.00107281 1.002 -0.891456 2.75294e-06 2.87907e-06 1 1
1.00183 -0.0017075 -1.01296 0.000809789 1.00149 -0.860072 2.67389e-06 4.69963e-07 1 1
1.00218 0.00104251 -1.84833 0.00105011 1.00178 -0.794666 2.99159e-06 8.9839e-07 1 1
1.00255 0.00099466 -1.43386 0.000566512 1.00102 -0.427509 3.23818e-06 1.37169e-06 1 1
1.00071 0.00339623 -1.14639 -0.00107126 1.00311 -0.418657 2.29648e-07 9.87629e-07 1 1
0.998659 0.00370442 -0.0300342 -0.00176268 0.99916 1.17474 -3.40464e-06 1.80954e-06 1 1
0.996074 0.00202037 2.21297 -0.00143264 0.998052 0.610954 -7.5474e-06 2.63092e-06 1 1
0.996103 -0.00221661 3.17048 -0.000611634 0.999216 0.128273 -6.49941e-06 6.47615e-07 1 1
0.996809 -0.00394842 2.69441 0.00120083 0.997895 0.214432 -5.00222e-06 -8.98691e-08 1 1
0.9989 -0.00685095 2.05795 0.00322966 0.998878 -0.570538 -1.14684e-06 -1.54994e-06 1 1
1.00185 -0.00420604 -0.151595 0.00427275 1.00025 -0.815788 3.26179e-06 -2.24349e-07 1 1
1.00254 -0.00340989 -0.594355 0.00387788 1.0001 -1.07057 4.73872e-06 -1.34645e-06 1 1
1.00285 -0.00139703 -1.37927 0.0017354 1.00128 -0.920262 5.1974e-06 -7.85711e-07 1 1
1.00369 0.00256077 -2.41884 0.000170726 1.00155 -0.388761 5.88479e-06 -2.43744e-07 1 1
1.00265 0.00375963 -1.99935 -0.00214044 1.00231 0.0970764 3.45672e-06 2.6551e-06 1 1
1.00139 0.00503559 -1.9696 -0.0032841 1.001 0.298524 2.52726e-06 4.97019e-08 1 1
1.00104 0.006341 -1.61848 -0.00410469 1.00088 0.712948 8.02019e-07 3.08015e-06 1 1
1.00002 0.00549904 -0.946879 -0.00470808 1.00094 0.410049 -8.82092e-07 2.96981e-06 1 1
1.00009 0.00659228 -1.08737 -0.00508585 1.00129 0.411774 -1.74413e-07 1.19593e-06 1 1
0.998929 0.00516441 -0.375659 -0.00679208 1.00155 1.28647 -1.76462e-06 7.88368e-07 1 1
1.00141 0.00641524 -2.01364 -0.00709775 1.00092 2.39267 3.01957e-06 -1.78779e-06 1 1
1.00001 0.00838179 -2.58969 -0.00900256 1.0004 3.34006 -7.17296e-08 -1.04418e-06 1 1
1.00041 0.0084401 -2.54898 -0.0082811 1.00062 3.47764 -7.2806e-07 1.41342e-06 1 1
0.999578 0.0082815 -2.14601 -0.00777867 0.998435 3.37446 -6.64524e-07 -1.01788e-06 1 1
0.998247 0.00809692 -1.06846 -0.00739291 0.998988 2.50949 -4.27059e-06 2.26212e-06 1 1
0.997962 0.00598292 0.0330658 -0.00633841 1.00005 1.92158 -4.4302e-06 2.34242e-06 1 1
0.997362 0.00354827 0.43324 -0.00544431 0.997838 1.80896 -4.20053e-06 6.63699e-07 1 1
0.999802 0.00236993 -0.406077 -0.00420223 1.00049 0.880655 -6.25227e-07 4.10888e-07 1 1
1.00111 0.00379374 -1.62352 -0.00473358 1.00152 1.3518 2.00196e-06 -9.23706e-07 1 1
1.0014 0.00562133 -2.56295 -0.00547834 0.999981 2.10849 2.40498e-06 -1.08809e-06 1 1
1.00207 0.00657599 -2.89106 -0.00648662 1.0008 2.3168 4.02013e-06 -1.96699e-06 1 1
1.0007 0.0101263 -3.18088 -0.00850232 0.999972 3.0307 1.48213e-06 -6.57953e-07 1 1
0.999569 0.0108236 -2.24175 -0.00929343 0.999574 3.18174 -6.64217e-07 1.04285e-06 1 1
0.998351 0.0108972 -1.39721 -0.00962871 0.999226 2.8576 -1.83349e-06 -8.40287e-07 1 1
0.998204 0.0125469 -0.892271 -0.0123019 0.99982 3.64157 -2.87558e-06 1.00999e-06 1 1
0.996344 0.0097758 -0.333241 -0.0137992 0.998987 4.23831 -5.60662e-06 1.24683e-06 1 1
0.999648 0.00546733 -1.51334 -0.00986548 0.999468 3.09105 4.48316e-07 -1.241e-06 1 1
1.00213 0.00680741 -3.45234 -0.00704264 1.0012 2.42167 4.05235e-06 -1.34838e-06 1 1
1.00254 0.00777433 -3.95277 -0.00676845 1.00036 2.68321 5.26584e-06 -2.93099e-06 1 1
1.00182 0.0101764 -3.75645 -0.00780032 1.00184 3.12162 2.85999e-06 2.15886e-08 1 1
0.999773 0.00732755 -2.35691 -0.0076097 0.998206 3.4867 9.8739e-07 -2.46475e-06 1 1
1.00009 0.00624368 -2.09179 -0.006572 1.00027 2.8936 1.00972e-06 -1.86536e-06 1 1
0.999983 0.00415643 -1.58191 -0.0050338 0.998396 2.82086 1.51604e-06 -2.68819e-06 1 1
1.00053 0.00477737 -1.91629 -0.00364455 0.99855 2.15822 2.63973e-06 -3.63362e-06 1 1
0.999659 0.00581739 -1.16553 -0.0052124 0.999851 2.24498 -1.0183e-06 5.16959e-07 1 1
0.999031 0.00262529 -0.307705 -0.00443837 0.998414 2.16272 -6.74073e-08 -2.14933e-06 1 1
1.00107 0.00466451 -1.64918 -0.00392432 1.00029 2.05505 3.69053e-06 -3.45394e-06 1 1
0.999654 0.00726546 -1.28687 -0.00531432 0.998896 2.90023 5.86409e-07 -1.40122e-06 1 1
0.99765 0.00677176 -0.199115 -0.00643209 0.997662 2.9181 -2.79887e-06 -1.55582e-06 1 1
0.99696 0.00805236 0.509251 -0.00706071 0.997302 2.89053 -3.1002e-06 -1.97564e-06 1 1
0.994957 0.00868289 1.33366 -0.00975595 0.998687 3.50086 -5.70581e-06 -3.72424e-06 1 1
0.994264 0.00629732 2.42578 -0.010964 0.996753 4.78853 -7.54413e-06 -1.85408e-06 1 1
0.99744 0.00421301 0.905812 -0.00969554 0.997324 4.86358 -2.66759e-06 -2.98124e-06 1 1
0.997097 0.00687621 -0.635328 -0.00840115 0.996661 3.91695 -2.80756e-06 -4.00931e-06 1 1
0.997726 0.00888526 -0.567231 -0.00933326 0.998486 3.93986 -3.70839e-06 -4.2756e-07 1 1
0.995983 0.00743972 0.55776 -0.00893691 0.996841 3.60841 -5.88671e-06 -6.29355e-07 1 1
0.99738 0.00596918 0.864784 -0.00848112 0.999451 2.82822 -4.6357e-06 1.67813e-06 1 1
0.998457 0.00189199 0.0511033 -0.00597375 0.996306 2.56738 1.18727e-06 -5.82366e-06 1 1
1.0001 0.00720221 -2.25538 -0.00713209 1.00109 2.31604 1.14959e-06 -2.78013e-06 1 1
0.999511 0.00678249 -2.00067 -0.00863843 1.00052 4.13847 1.53922e-06 -6.17839e-06 1 1
0.999729 0.0114507 -2.42858 -0.0107532 0.997217 6.01486 -2.06578e-06 1.14308e-06 1 1
0.998365 0.0122738 -1.96569 -0.012084 0.996753 4.66814 -6.43651e-07 -3.31027e-06 1 1
0.997074 0.0126793 -1.07047 -0.0143605 0.999561 4.65995 -3.88086e-06 -2.71451e-07 1 1
0.997731 0.00920731 -1.16171 -0.0131741 1.00054 4.94155 -2.68056e-06 -2.91628e-06 1 1
0.998389 0.0109196 -2.16535 -0.0127324 0.997985 6.20606 -2.42965e-06 -1.46144e-06 1 1
0.999918 0.0076888 -1.9873 -0.0108793 0.997909 5.05187 -3.99165e-09 -8.01201e-07 1 1
1.00299 0.00951738 -3.76233 -0.0096907 1.0004 3.63268 3.69325e-06 1.83578e-06 1 1
1.00065 0.00875043 -3.97795 -0.0085777 0.998166 2.25114 3.94066e-06 -4.21317e-06 1 1
1.00229 0.0104181 -3.94044 -0.00859591 1.00295 2.24037 2.19809e-06 2.65458e-06 1 1
1.00112 0.01049 -3.62642 -0.00928533 1.00127 2.77427 1.9575e-06 -5.1221e-07 1 1
1.0005 0.00967868 -2.77817 -0.00930646 1.00169 3.22415 -4.54148e-07 2.30345e-06 1 1
1.00008 0.00573585 -2.0368 -0.00588742 0.997897 2.64512 1.5493e-06 -3.01759e-06 1 1
0.998546 0.00894171 -1.8537 -0.00778308 0.997949 3.14937 -8.44274e-07 -2.55822e-06 1 1
0.999299 0.0055908 -0.714021 -0.00807141 1.00026 2.90843 -9.47708e-07 -1.63275e-07 1 1
1.00042 0.00538824 -1.95074 -0.00743824 1.00016 3.01475 1.48081e-06 -2.29351e-06 1 1
1.00143 0.0078578 -2.90838 -0.00734165 1.00003 3.33418 2.46028e-06 -8.03881e-07 1 1
1.00115 0.00691649 -2.71067 -0.00791499 0.999753 3.21668 2.66806e-06 -1.89816e-06 1 1
1.00236 0.00849999 -3.62036 -0.00831311 1.0015 3.29556 4.11325e-06 -1.66102e-06 1 1
1.00278 0.012845 -4.57234 -0.010021 0.999885 4.35967 4.11574e-06 2.04636e-07 1 1
1.00023 0.0130049 -3.27516 -0.0113553 0.998987 3.78117 5.06283e-07 7.98639e-07 1 1
0.999587 0.0127638 -2.72666 -0.0122506 1.0009 3.4016 -4.04102e-07 3.13984e-07 1 1
0.999301 0.012395 -2.33933 -0.0123801 1.0004 3.99091 -1.27095e-06 1.16333e-06 1 1
1.00006 0.00799644 -2.16328 -0.0115969 0.999853 3.65602 5.03317e-07 -3.37743e-07 1 1
1.00149 0.0118397 -4.13668 -0.0108628 1.00251 3.56621 2.05145e-06 -4.02472e-07 1 1
0.99921 0.0118523 -2.96317 -0.011325 0.997748 4.64765 -4.37816e-07 -9.8233e-07 1 1
0.999488 0.0113647 -2.81739 -0.0117867 1.00166 3.91915 8.33327e-07 -3.70883e-06 1 1
0.999587 0.0121888 -2.71611 -0.0144602 1.0009 6.34162 -1.9588e-07 -2.61143e-06 1 1
1.00034 0.0137425 -3.49888 -0.0135746 1.00029 6.2014 1.05275e-08 -3.84364e-07 1 1
0.997641 0.0122212 -2.25456 -0.0127651 0.996962 5.81084 -1.4539e-06 -4.43524e-06 1 1
0.998494 0.00941524 -1.79328 -0.0129148 0.998296 5.81205 -4.29095e-07 -4.42148e-06 1 1
0.999747 0.0103245 -2.56735 -0.0107242 0.996724 5.31771 -5.06801e-07 1.09261e-07 1 1
0.997963 0.0120214 -2.00319 -0.00997249 0.99826 2.95633 -2.81329e-06 2.17171e-07 1 1
0.997952 0.0106049 -0.696071 -0.0109733 1.0006 3.09197 -3.55363e-06 1.36226e-06 1 1
0.996718 0.0100583 -0.259846 -0.0111283 0.998202 3.60039 -4.19012e-06 -7.53499e-07 1 1
0.998857 0.00728561 -0.256055 -0.00907119 1.00023 2.93335 -2.48601e-06 1.0227e-06 1 1
0.998788 0.00727978 -0.844158 -0.00875234 0.999314 2.90149 -1.11066e-06 -8.77074e-07 1 1
0.999435 0.00791284 -1.44303 -0.00880038 1.00015 3.32344 -1.1052e-06 2.14903e-07 1 1
0.999498 0.00664064 -1.18795 -0.00724876 0.998363 2.70209 -1.01942e-06 8.1967e-07 1 1
1.00009 0.00651203 -1.56987 -0.00568831 0.999882 1.72444 -2.02385e-08 6.68343e-07 1 1
0.998408 0.00784929 -1.03526 -0.00690251 0.999747 1.37193 -2.72481e-06 1.51695e-06 1 1
0.998966 0.00644827 -0.379041 -0.00604333 0.998251 1.76836 -1.71004e-06 9.04581e-07 1 1
0.998468 0.00622213 -0.278653 -0.00711425 1.00005 1.15325 -2.84637e-06 1.92617e-06 1 1
0.998804 0.00457271 -0.487686 -0.00553013 1.00087 1.16096 -1.07134e-06 -1.33941e-06 1 1
0.998784 0.00419243 -0.538723 -0.00456969 0.998139 2.03074 -6.7446e-07 -2.62534e-06 1 1
0.998266 0.00334739 -0.287851 -0.00426964 0.99667 2.11935 -1.4785e-06 -2.26406e-06 1 1
0.998564 0.00327255 -0.291131 -0.00452573 0.998579 1.57021 -1.3381e-06 -1.41879e-06 1 1
0.999672 0.00378708 -0.865056 -0.00400224 0.997955 1.6793 5.84724e-07 -1.84403e-06 1 1
0.999315 0.00557321 -0.827033 -0.00455081 0.999491 1.26771 -8.27383e-07 4.14245e-08 1 1
0.998946 0.00213514 0.0507806 -0.00377852 0.999711 1.05823 -1.65913e-06 9.88532e-08 1 1
0.999652 0.00262908 -0.612623 -0.00265291 0.998527 0.768884 -2.1572e-07 -3.46614e-07 1 1
1.00075 0.00295143 -0.901845 -0.00263619 1.00108 0.310669 3.48045e-07 1.83672e-06 1 1
1.00026 0.00336398 -1.13081 -0.00301478 0.999005 0.5226 -9.82632e-08 1.36206e-06 1 1
0.99999 0.0042962 -1.01793 -0.00308325 1.00208 -0.30973 -3.15292e-07 9.18661e-07 1 1
1.00054 0.00286193 -0.72954 -0.00229124 1.00137 0.320883 -5.19927e-07 2.2755e-06 1 1
1.00051 0.00254765 -0.744479 -0.00290444 1.00045 0.798641 4.26374e-07 4.30095e-07 1 1
1.00017 0.00184063 -1.00213 -0.00275614 1.00057 0.867129 5.74395e-07 -1.53912e-06 1 1
0.999432 0.00144881 -0.897 -0.00292107 0.998942 1.6208 2.79728e-07 -2.45887e-06 1 1
1.00097 0.00130609 -1.19796 -0.000942599 0.99964 0.890599 1.66524e-06 -3.41805e-07 1 1
1.00102 0.00284344 -1.36151 -0.0014125 1.00112 0.662777 1.30921e-06 -1.31934e-07 1 1
1.00074 0.00330661 -0.778392 -0.00235595 1.00001 1.06719 -6.90411e-07 3.18717e-06 1 1
0.999846 -7.38975e-05 0.0489608 -0.00125996 1.00066 -0.0610184 -2.63113e-07 8.91189e-07 1 1
1.0001 -0.000747671 -0.372084 -0.000461976 1.0003 -0.0596577 6.51467e-07 -1.08672e-06 1 1
1.00074 -0.000269089 -0.93973 0.000539342 1.00154 -0.238678 7.86546e-07 6.38629e-07 1 1
1.00311 0.00389995 -2.05207 0.00123665 1.00468 -0.87428 9.93802e-07 6.35517e-06 1 1
0.998744 -0.00146779 0.8919 0.000700355 0.998732 -0.0373416 -1.10407e-06 -1.02123e-06 1 1
1.00039 -0.00349853 0.845345 0.00205207 1.00122 -0.831522 -1.65697e-07 1.41189e-06 1 1
1.00037 -0.00285258 -0.0710099 0.00232931 1.00033 -0.817922 1.11997e-06 -3.85194e-07 1 1
1.00144 -0.00257172 -0.466026 0.00338523 1.00192 -1.42467 1.82285e-06 6.6437e-07 1 1
1.00094 -0.00283075 -0.0487438 0.00367789 1.00103 -1.03221 2.03278e-06 -1.43101e-06 1 1
1.00022 -0.00485842 0.492945 0.00297351 0.998755 -0.180718 1.11488e-06 -1.79788e-06 1 1
1.00147 -0.00174784 -0.712146 0.00311907 0.999864 -0.510799 2.12629e-06 2.75922e-07 1 1
1.00024 0.00121182 -0.569755 0.00134794 0.999329 -0.611421 6.3107e-07 3.38508e-07 1 1
0.999888 0.000166008 0.484647 0.000112388 1.00077 -0.706229 -3.12034e-07 8.07092e-07 1 1
1.00018 -0.000942932 0.479815 0.000410497 1.0007 -0.702419 1.97204e-07 6.55898e-07 1 1
0.999865 -0.00200067 0.215183 0.000571295 1.00115 -0.562136 -1.57707e-07 2.70933e-07 1 1
1.00329 0.000122004 -1.36457 0.00312015 1.00272 -1.3081 3.08184e-06 3.4369e-06 1 1
1.00053 -0.000212448 -0.299173 0.00214439 1.00015 -0.938323 1.01787e-06 -2.30061e-07 1 1
0.998986 2.92648e-05 0.466189 0.000571457 0.999526 -0.307119 -1.0496e-06 -6.08671e-07 1 1
0.999392 -0.00126021 0.828139 0.000490126 0.999381 -0.302377 -3.97186e-07 -1.05739e-06 1 1
0.999384 -0.0018776 0.50748 -3.58266e-06 0.999235 -0.000931045 -2.67284e-07 -1.4535e-06 1 1
1.00044 -0.000574466 -0.481844 0.00054701 0.999492 -0.172937 8.03058e-07 -2.59231e-07 1 1
1.00047 0.00208448 -0.802819 0.000132 0.999989 -0.486386 3.29749e-07 1.10763e-06 1 1
0.999746 0.00109589 0.114792 -0.000181908 1.00042 -0.543435 -6.20246e-07 9.90272e-07 1 1
1.00071 0.000143367 0.163679 -0.000104895 1.00171 -0.54653 4.03859e-07 6.84644e-07 1 1
0.999542 -0.00194922 0.499452 0.000282658 0.999807 0.0139411 -2.1036e-07 -8.41086e-07 1 1
1.00077 -0.000650719 -0.52421 0.000758039 0.999346 0.253187 4.29969e-07 8.99344e-07 1 1
1.0014 0.00209178 -0.972747 0.00109844 1.00013 -0.358523 1.34306e-06 1.12812e-06 1 1
0.999991 0.00136505 0.087745 -0.00137027 0.999808 0.124906 -1.69574e-07 7.16181e-07 1 1
1.00049 0.0011559 -0.390231 -0.00143248 1.00053 0.0650351 9.79566e-07 -2.20083e-07 1 1
1.00068 0.00266667 -0.890686 -0.0012279 1.00085 0.2406 5.41193e-07 6.35898e-07 1 1
0.998693 0.0015731 0.0440875 -0.00145856 0.997803 0.768712 -1.29393e-06 -8.97007e-07 1 1
0.997973 -0.000287342 0.899757 -0.000765863 0.998228 -0.0592946 -1.81283e-06 -1.82346e-06 1 1
0.99816 -0.00135668 1.44899 0.000258005 0.999312 -0.536208 -2.25059e-06 -4.03543e-07 1 1
1.0004 -0.00145069 0.388895 0.000790584 1.00052 -0.471184 4.2894e-07 3.07973e-07 1 1
0.999227 -0.00116226 0.199019 0.000841882 0.99956 -0.175024 -1.56658e-07 -1.69037e-06 1 1
0.999787 0.00116142 -0.0995845 0.000398221 0.99971 0.218727 -9.97228e-07 1.04677e-06 1 1
0.999047 -0.000734095 1.02724 4.74843e-05 0.998862 0.0619958 -1.0486e-06 -3.08424e-07 1 1
1.00025 -0.00176251 0.484027 0.000286767 1.00211 -0.662387 -2.74139e-07 1.36054e-06 1 1
0.999605 -0.000268244 -0.163266 0.000365549 0.999997 0.104397 -5.76714e-07 -1.47054e-07 1 1
1.00009 -0.00077648 0.154018 0.000621742 1.0007 -0.18058 -4.53699e-07 1.12368e-06 1 1
1.00009 0.000953428 0.128915 0.000684492 0.999924 -0.185964 -4.40972e-07 1.60746e-06 1 1
0.998279 -0.0014713 1.1873 0.000454534 0.998898 -0.43643 -1.93237e-06 -8.46857e-07 1 1
0.999119 -0.00169253 0.99753 0.000491022 1.00023 -0.383399 -1.14531e-06 4.97102e-07 1 1
1.00232 -0.000307255 -0.58774 0.00105999 1.00382 -0.970854 7.95234e-07 4.62587e-06 1 1
1.00051 4.47447e-05 -0.503265 0.00102349 1.00072 -0.316674 6.88611e-07 3.32892e-07 1 1
0.999196 -0.00105544 0.253536 0.000479933 0.999882 -0.216938 -7.88401e-07 -3.90418e-07 1 1
1.00022 0.000329656 -0.108554 0.000628664 0.999861 -0.176554 -1.06007e-07 8.12018e-07 1 1
0.999827 0.000305586 0.332721 0.000369461 1.00015 -0.4352 -9.59881e-07 1.59261e-06 1 1
1.00055 -0.00146591 0.252094 -3.01985e-05 1.00114 -0.388447 6.23378e-07 5.08837e-07 1 1
1.00115 -0.000622752 -0.569687 0.00050774 1.00052 -0.247411 2.17843e-06 -8.22999e-07 1 1
0.999844 0.00261282 -0.843182 -0.000682305 1.0001 0.209746 -4.21232e-07 4.45484e-07 1 1
0.999533 -0.000113154 0.365179 -0.000451006 0.998976 0.221751 -6.08725e-07 -1.62253e-07 1 1
0.999908 0.000355921 0.0190551 -6.76905e-05 1.00097 -0.408936 -1.10342e-06 1.85223e-06 1 1
0.999208 -0.00127945 0.564761 -1.71105e-05 0.999165 -0.13387 -3.16747e-07 -1.26568e-06 1 1
1.00043 0.000627157 -0.193535 0.000105046 1.00141 -0.351943 -5.88333e-07 2.46793e-06 1 1
1.00057 0.00122577 -0.146129 -0.000143859 1.00114 -0.365144 -5.07374e-07 2.85349e-06 1 1
1.00006 0.000162109 0.241603 -0.000124175 1.00164 -0.705725 -8.15963e-07 2.51862e-06 1 1
1.00047 0.0015655 -0.288618 -0.000712691 1.0014 -0.209702 -7.34956e-07 2.85714e-06 1 1
0.999146 -0.000458512 0.385241 -0.000796645 1.0009 -0.0995143 -1.36239e-06 -2.24625e-08 1 1
1.00233 0.00268156 -1.04294 0.000132621 1.00328 -0.184339 4.47836e-07 5.03136e-06 1 1
0.999823 0.000100269 0.251972 6.53441e-05 0.999901 -0.0485267 -2.25264e-07 -8.94501e-08 1 1
1.00033 0.00017671 0.123807 7.50663e-05 1.00065 -0.180666 -4.15704e-07 1.6322e-06 1 1
1.00012 0.000127502 0.187603 0.000481826 1.00082 -0.488044 -6.61327e-07 1.55342e-06 1 1
1.00008 -8.55926e-07 0.308226 0.000476279 1.00198 -0.878172 -1.13694e-06 2.34096e-06 1 1
0.999759 -0.00148853 0.376348 0.000601362 0.999886 -0.0683413 -2.17183e-07 -3.409e-07 1 1
1.00042 -0.000251093 -0.285849 0.000173666 1.00124 -0.0934844 -8.78128e-08 8.75658e-07 1 1
1.00058 0.000114194 -0.373256 0.000633703 0.999354 0.0249863 9.64931e-07 -1.43827e-07 1 1
0.999956 0.000264443 0.188354 -0.000268344 0.999985 0.0312479 6.91906e-08 -2.57724e-07 1 1
1.00028 -0.000638542 0.150936 -0.000342978 1.00146 -0.290887 -3.49561e-07 1.74096e-06 1 1
1.0016 -0.000480316 -0.5647 0.000598574 1.0027 -0.549652 1.16531e-06 1.90069e-06 1 1
1.00118 -0.000283286 -0.786073 0.00069259 1.00113 0.00214214 1.12895e-06 9.84138e-07 1 1
1.00097 6.83549e-05 -0.786359 0.00109956 1.00025 -0.0975729 1.28871e-06 3.94651e-07 1 1
0.999867 0.000159493 -0.0186433 0.00080295 0.999702 -0.333897 -1.09118e-07 1.61219e-07 1 1
1.00043 -0.000348516 0.0921013 0.00071169 1.00113 -0.606068 2.24182e-07 1.01388e-06 1 1
0.999959 -0.000536183 0.116703 0.000148006 1.00036 0.0512026 -3.05271e-08 -2.17392e-07 1 1
1.00036 -0.00175705 -0.00501738 0.000666033 0.999089 -0.0762185 1.0302e-06 -6.87486e-07 1 1
1.00234 -0.00385403 -0.717914 0.00172092 1.00007 -0.768104 3.34179e-06 9.99101e-07 1 1
1.00606 -0.00121168 -3.26679 0.00309018 1.00322 -2.54862 6.53797e-06 6.42438e-06 1 1
1.00606 0.00255665 -4.52798 0.00286057 1.00473 -3.37753 7.04282e-06 4.93625e-06 1 1
1.00247 0.00411401 -2.80977 0.00120603 1.00458 -1.90946 3.48468e-06 2.97112e-07 1 1
0.999594 0.00463376 -0.683963 -0.00310655 1.00231 1.3527 -2.62419e-06 1.92922e-06 1 1
0.998761 -0.005155 1.49167 0.00028469 0.996265 0.92453 -4.77996e-08 -2.93716e-06 1 1
1.00372 -0.00234949 -1.66169 0.00161246 1.00506 -0.87681 5.63638e-06 -1.5845e-06 1 1
1.00124 -0.0023206 -1.81006 0.00114726 0.998593 1.75156 3.71159e-06 -4.96921e-06 1 1
0.999607 0.00146558 -1.5421 0.00244578 0.998819 1.00079 1.1357e-06 -5.02431e-06 1 1
0.994392 -0.00415782 2.69816 0.00100756 0.993032 2.1777 -3.78547e-06 -1.01598e-05 1 1
0.996399 -0.0044479 2.87281 0.000728443 0.997581 1.91282 -3.15048e-06 -6.39795e-06 1 1
1.001 -0.00602665 1.05643 0.000624671 0.99435 2.77833 2.14772e-06 -2.53512e-06 1 1
0.997524 0.00308528 -1.13421 2.09321e-05 1.00118 -0.243483 -4.16722e-07 -7.70674e-06 1 1
0.99216 0.00182488 2.7066 -0.00238042 0.989747 4.5648 -8.45136e-06 -7.4256e-06 1 1
0.996262 -0.00793262 5.15864 0.000539329 0.987311 1.23352 -4.365e-06 -3.04265e-07 1 1
1.00024 -0.00328822 1.24185 -0.000214201 1.00159 -3.7334 2.2233e-08 3.35442e-06 1 1
1.00508 1.05261e-05 -2.28177 -0.00126477 1.00556 -2.91895 5.20601e-06 5.80439e-06 1 1
1.00422 0.00415041 -4.04781 0.000906595 1.0037 -2.96809 3.37782e-06 6.94325e-06 1 1
1.00199 0.00561208 -2.02002 0.000914004 1.00268 -3.52212 -5.252e-08 7.54848e-06 1 1
1.00201 0.00170839 -0.236936 -0.000830572 1.00271 -2.98772 5.74136e-07 6.50525e-06 1 1
1.00111 0.00311502 -1.05855 -0.00126329 1.00426 -3.52224 -6.44716e-07 5.78087e-06 1 1
1.00088 -0.000318914 0.312915 -0.00143693 1.00271 -1.35658 2.52512e-07 2.25011e-06 1 1
1.00353 0.00173023 -3.32981 -0.00454684 1.00306 0.220746 6.32005e-06 -2.4572e-06 1 1
1.00452 0.001863 -4.52901 -0.00279782 1.00482 0.266188 6.9611e-06 -2.15436e-06 1 1
1.01532 -0.00834482 -8.07537 0.00221089 1.01195 -0.729676 1.86123e-05 4.55024e-06 1 1
1.00945 0.00652348 -11.6129 0.00935597 1.0104 -2.03312 1.26048e-05 1.60881e-06 1 1
1.00716 -0.00177517 -4.95638 0.0058186 0.993977 2.02573 1.1279e-05 -5.30911e-06 1 1
1.00244 0.00131469 -3.57983 0.0033403 1.00234 -1.58006 2.03094e-06 1.62697e-06 1 1
1.00319 -0.0005262 -1.77205 0.00270573 1.00178 -1.69161 4.02732e-06 -9.31381e-07 1 1
0.997131 -0.00327033 0.349177 -0.000262922 0.99738 -0.478241 -2.27881e-06 -3.83286e-06 1 1
1.0028 -0.00486106 -0.811891 0.00347022 1.00798 -1.93713 2.791e-06 -7.88015e-07 1 1
1.00027 -0.0033261 -1.63821 0.002303 0.999642 1.66909 2.16092e-06 -8.27696e-06 1 1
1.00098 0.00341815 -1.8276 0.000935449 0.992504 3.83609 1.20021e-06 -2.91345e-06 1 1
0.996286 0.0113696 -0.233847 -0.00657948 0.997599 0.973204 -7.82864e-06 3.17057e-06 1 1
0.994363 0.00486004 3.15486 -0.00797491 0.99921 0.244752 -8.68796e-06 -2.08663e-06 1 1
0.996337 0.00748868 2.14665 -0.0092363 1.00555 2.00794 -8.06262e-06 1.42898e-06 1 1
0.994746 0.00287661 2.36272 -0.0116153 0.9915 6.52567 -6.2672e-06 -5.38189e-06 1 1
0.998477 0.00158044 -0.222122 -0.00712519 1.00194 2.12036 -1.28356e-06 -4.50928e-06 1 1
1.00063 0.00152845 -2.26078 -0.00442305 1.00202 2.50521 1.22065e-06 -3.3596e-06 1 1
0.997859 0.00341484 -1.72386 -0.000394424 0.997395 2.52239 -2.42706e-06 -3.75184e-06 1 1
0.999892 0.00123538 0.517266 -0.000564576 0.995116 2.02448 -1.33946e-06 -2.43065e-07 1 1
1.00113 0.00341908 0.279113 -0.0024642 0.999696 0.251757 -2.7265e-06 7.52917e-06 1 1
1.00166 -0.00147672 0.19482 -0.0013241 1.00532 -3.08786 1.40714e-07 4.20748e-06 1 1
1.00122 0.00513504 -1.56153 -0.00106823 1.00364 -0.533386 -3.39646e-07 2.61881e-06 1 1
0.99967 0.0033488 -0.440112 -0.00626943 0.999523 1.9462 -8.43079e-08 -2.09635e-06 1 1
0.997975 0.00561952 -1.49089 -0.00643096 1.00278 1.49353 -4.97796e-06 7.57195e-06 1 1
1.00222 0.00348529 -2.80456 -0.00179723 1.00179 -0.42481 2.48856e-06 8.38136e-07 1 1
1.00407 0.00983363 -4.78741 -0.00439239 1.00591 0.328876 -2.46458e-07 9.17622e-06 1 1
0.999345 0.0013349 0.613363 -0.000963285 1.00333 -1.68412 -3.40303e-06 3.5152e-06 1 1
0.999305 -0.00302043 0.722281 0.000158333 1.00087 -1.25311 -2.04742e-06 1.20509e-06 1 1
1.00124 -0.0033698 -0.132645 0.00255788 1.00508 -1.86862 1.21517e-06 -3.96548e-07 1 1
1.00193 -0.0048033 -1.10572 0.0011802 0.998418 1.05791 4.34458e-06 -5.57051e-06 1 1
1.0088 -0.00262503 -4.78031 0.00468731 1.0088 -1.61208 7.97588e-06 6.96178e-06 1 1
1.00761 0.000487256 -6.85224 0.00558208 1.00075 -1.38682 1.19742e-05 -2.70083e-06 1 1
1.00566 0.00769492 -6.12561 0.000134513 1.00267 -0.307929 6.48657e-06 3.24775e-06 1 1
1.00077 0.00764593 -3.08337 -0.0015988 1.00332 -0.960879 -8.47204e-07 2.81896e-06 1 1
0.996641 0.00288024 0.704908 -0.00211009 0.998998 -0.536323 -5.3076e-06 -3.47398e-07 1 1
1.00017 0.000959 1.01957 0.000525273 1.00303 -1.23326 -3.28783e-06 4.52366e-06 1 1
0.998769 -0.00351948 1.83869 0.000230074 1.00226 -0.936184 -3.14358e-06 1.54393e-06 1 1
1.00129 0.000243318 -0.706086 -0.000889309 0.998761 0.857772 1.54534e-06 -4.4767e-07 1 1
1.0009 -0.000224448 -1.27257 0.000765218 1.00322 -1.5841 -9.16534e-07 3.81944e-06 1 1
1.00357 -0.00439081 -1.03623 0.00402568 1.00507 -2.40943 3.42026e-06 2.93111e-06 1 1
1.00575 0.00153679 -3.21072 0.00252104 1.00444 -0.878349 5.37507e-06 3.95402e-06 1 1
1.00086 -0.000955567 -1.22475 0.0010433 1.00121 0.0377688 9.04413e-07 -6.25644e-07 1 1
1.00352 -0.000424461 -1.71481 0.00183218 0.999936 -0.16714 3.30091e-06 2.49879e-06 1 1
1.00134 0.00937832 -3.66521 -0.00317199 0.997898 0.25361 2.00331e-06 1.08055e-06 1 1
0.99603 0.00831232 -0.413101 -0.00624371 1.00011 -0.698396 -6.07556e-06 9.32111e-07 1 1
0.996391 0.00603059 1.37867 -0.00564533 1.0007 -0.223079 -7.49277e-06 4.23012e-06 1 1
0.996436 0.00436583 1.89628 -0.00497148 1.00143 -0.702188 -7.41158e-06 4.39439e-06 1 1
0.993876 0.00673478 2.39827 -0.005089 0.999541 0.0935732 -1.11662e-05 5.99511e-06 1 1
0.997004 0.00200823 2.86178 -0.00581536 1.00038 -0.136898 -6.15542e-06 4.16438e-06 1 1
0.997743 0.00261414 0.910396 -0.00686749 1.00177 0.0354335 -5.05759e-06 6.18085e-06 1 1
1.00391 -0.00299639 -1.16732 -0.000535486 1.00807 -2.42401 3.2154e-06 5.35115e-06 1 1
1.0091 -0.00132788 -4.37234 0.00386492 1.01069 -2.366 9.94487e-06 6.48086e-06 1 1
1.00614 0.000581823 -4.82246 0.00341825 1.00402 -0.266871 8.37746e-06 2.74927e-07 1 1
1.00355 0.000437513 -3.20867 0.00331561 1.00093 0.140617 4.48341e-06 8.53902e-07 1 1
1.00018 -0.00283933 -0.800587 0.00349282 1.00035 -0.832832 1.89641e-06 -4.07407e-06 1 1
1.0022 0.00110942 -1.16636 0.00246741 1.00082 0.686274 2.72203e-07 7.36356e-06 1 1
0.999553 -0.00142759 -0.313305 0.000824806 0.999355 -0.332677 5.7655e-07 -2.6907e-06 1 1
0.999827 -0.00398528 0.106899 0.00272668 1.00064 -0.77682 1.88547e-06 -4.73269e-06 1 1
1.00382 -0.001771 -1.37475 0.00159279 1.00177 0.85513 3.65167e-06 2.63025e-06 1 1
1.00303 -0.00130591 -2.34344 0.00242731 1.00247 -0.491785 3.83907e-06 7.37306e-07 1 1
1.00274 0.00132082 -2.09721 0.00378431 0.999986 -0.797867 2.51755e-06 3.04102e-06 1 1
0.995927 -0.00159891 1.10126 0.00145156 0.99195 0.24354 -1.79758e-06 -7.63742e-06 1 1
1.00036 2.14768e-05 1.22225 0.00227365 1.00279 -1.80686 -3.41552e-06 8.3572e-06 1 1
0.994248 -0.00560321 3.44209 0.00142277 0.990819 0.298963 -3.75193e-06 -8.07822e-06 1 1
0.996198 -0.00640265 2.78336 0.00227901 0.9942 -0.692507 -1.86319e-06 -6.83222e-06 1 1
1.00091 -0.00120122 0.563107 0.00134613 1.00229 -1.17726 -3.52052e-07 3.54905e-06 1 1
0.99899 -0.00227169 1.2312 0.00309575 1.00077 -1.88327 -2.57455e-06 2.97689e-06 1 1
0.999701 -0.00323626 1.74951 0.00364726 1.00227 -1.96952 -2.74493e-06 4.01552e-06 1 1
0.998118 -0.0040547 2.26144 0.00387992 0.994667 -1.12791 -1.51254e-06 -9.94111e-07 1 1
0.999554 -0.000814468 1.44304 0.00291722 1.00173 -2.0639 -3.16424e-06 5.44667e-06 1 1
0.997172 -0.00195903 2.31197 0.00149988 0.998399 -1.24598 -3.70921e-06 -5.42389e-07 1 1
1.00233 0.000723562 0.802811 0.00340864 1.00222 -2.02066 -1.95836e-06 1.1458e-05 1 1
0.998731 -0.0022187 2.04999 0.00208926 1.00569 -4.28852 -1.80197e-06 1.07231e-06 1 1
1.00076 0.00233768 -0.00686682 -0.000518496 1.00028 0.77001 -1.38314e-06 4.21588e-06 1 1
0.999864 -0.000903676 0.573924 -0.00117703 1.00013 0.100928 -5.21038e-07 6.25242e-07 1 1
0.999513 0.00294769 -0.765186 -0.000633406 0.996971 -0.113523 4.6035e-07 -1.51782e-06 1 1
0.998835 0.00362021 0.0941198 -0.00290811 1.00173 -0.056061 -2.74466e-06 1.88348e-06 1 1
1.00287 0.00560577 -1.09842 -0.0014317 1.00461 -0.483195 -2.72191e-07 6.51925e-06 1 1
0.99814 0.00204112 0.782098 -0.00451084 0.994042 1.03199 -2.07733e-06 6.38095e-08 1 1
0.998244 0.0047385 -0.246648 -0.00426589 1.004 -1.70427 -3.1822e-06 2.10368e-06 1 1
0.997333 -0.00285218 1.59063 -0.00120413 1.00292 -1.55867 -1.43869e-06 -5.01202e-06 1 1
0.998414 -0.00239115 0.455367 0.0022151 1.00436 -0.335507 -2.73395e-06 -7.42418e-07 1 1
0.997907 -0.00138553 0.438094 0.00194717 0.991739 2.67476 1.1558e-07 -8.04173e-06 1 1
0.997702 0.00440957 -0.0796032 -0.00311822 0.990139 1.92767 -1.09048e-06 -3.06511e-06 1 1
0.994823 0.00171351 1.32732 -0.00441916 0.998513 -2.31206 -4.80332e-06 -3.38429e-06 1 1
0.996757 0.000524912 1.5149 -0.000608479 1.00381 -2.25943 -4.32194e-06 -1.37531e-06 1 1
0.997061 -0.00106849 2.00999 0.000413109 0.997131 0.382711 -3.50396e-06 -2.12813e-06 1 1
0.998315 -0.00403215 1.76967 0.000224457 0.999304 0.402589 -9.63415e-08 -6.04076e-06 1 1
0.996905 0.000103394 -0.278837 -0.000979648 0.989226 2.62824 8.03496e-07 -9.84921e-06 1 1
0.999117 0.00847781 -1.96167 -0.0036939 0.996951 0.328106 1.68669e-08 -1.13057e-06 1 1
0.995203 0.00924739 0.69839 -0.00614654 1.00274 -1.17725 -8.79683e-06 3.94886e-06 1 1
0.993128 -0.00251067 4.94502 -0.00176205 0.997814 -0.395344 -9.48823e-06 -1.53964e-06 1 1
0.995729 -0.00696075 4.38125 0.00197508 0.998651 -0.755721 -4.84348e-06 -3.88021e-06 1 1
0.995996 -0.00805848 2.28192 0.00290873 0.989398 1.95921 1.15296e-06 -1.57447e-05 1 1
1.00076 0.00154046 0.17185 5.90965e-05 0.998921 0.0357611 -6.6072e-07 3.78625e-06 1 1
0.998629 -0.00144486 1.01456 -2.97548e-05 1.00018 -0.870701 -2.04854e-06 6.74829e-07 1 1
0.999056 -0.00491115 0.690502 0.000906583 1.00003 -0.793135 3.80217e-06 -1.26241e-05 1 1
0.994752 -0.00215361 0.888516 -0.00258602 1.00317 2.51853 -3.12529e-06 -9.13025e-06 1 1
0.996638 -0.00779077 1.01781 0.00335816 0.993208 4.41772 5.13473e-08 -1.24331e-05 1 1
0.998928 -0.0125123 1.54788 0.00540594 0.995949 2.51956 3.26903e-06 -1.21636e-05 1 1
1.0068 -0.000428112 -4.15269 0.00690543 1.00038 1.8526 6.53515e-06 4.5716e-06 1 1
0.991048 -0.0067888 2.99956 0.0020673 0.986131 1.97906 -2.91563e-06 -1.59072e-05 1 1
0.999599 0.000783789 0.506374 -0.000155409 0.997729 0.91337 -6.10204e-07 3.75299e-07 1 1
0.997455 -0.00191837 1.40835 0.00115621 0.997589 -0.902698 -2.06738e-06 -1.86821e-06 1 1
0.998973 -0.00337531 1.75008 0.00339908 1.00076 -2.15325 -1.25751e-06 5.93201e-07 1 1
0.98985 -0.000744099 3.4446 -0.00361898 0.987089 2.72947 -9.13017e-06 -3.81577e-06 1 1
0.995891 -0.000626604 2.08829 -0.00203204 0.997668 -1.19428 -3.61684e-06 -2.92526e-06 1 1
1.00025 0.0011522 0.36006 8.28723e-05 1.00062 -1.17044 -9.52248e-07 3.96472e-06 1 1
0.99167 0.00105364 2.42383 -0.00508077 0.988433 1.70797 -6.00661e-06 -7.40483e-06 1 1
0.997744 -0.00132636 2.36478 -0.00214876 1.00396 -2.0896 -4.55196e-06 3.95514e-06 1 1
0.999424 -5.6745e-05 0.766934 -0.000167453 0.998007 0.0519372 -2.50788e-07 2.19819e-07 1 1
0.999247 0.00203637 0.207455 -0.00117547 0.996162 0.120983 -4.38874e-07 4.81868e-07 1 1
1.00024 0.0012122 0.381339 -0.00082041 1.00369 -1.84082 -2.28798e-06 6.268e-06 1 1
1.00082 -0.000127511 0.194868 0.000615783 0.998839 -0.728121 2.21383e-06 -8.91888e-07 1 1
0.999514 -0.00107463 0.131212 -4.92707e-05 1.00108 -0.285334 7.01161e-07 -2.80458e-06 1 1
0.999894 0.000683043 -0.217815 0.000269489 0.998144 1.02549 6.33397e-07 -2.30857e-06 1 1
0.999612 0.00521744 -0.564636 -0.000906514 0.99612 1.9073 -1.60493e-06 1.97029e-06 1 1
1.00008 0.00254924 0.490493 -0.00238904 0.996269 0.882044 1.95094e-07 7.24306e-07 1 1
0.997999 0.00154904 1.0571 -0.00288042 1.00081 -1.06988 -2.37036e-06 -8.28286e-07 1 1
1.02103 0.0140287 -7.5288 0.00277052 1.02291 -3.54282 1.08557e-05 2.87952e-05 1 1
1.0001 0.000657237 -0.656024 0.000333122 0.998879 0.473003 9.02199e-07 -2.44945e-06 1 1
0.999142 0.00129282 -0.0601015 0.0003672 0.995319 1.7028 2.38949e-08 -2.64071e-06 1 1
0.996466 -0.00107842 1.6149 -0.00103896 0.994808 0.547844 -2.24584e-06 -5.73663e-06 1 1
0.997295 -0.00110256 1.3538 -3.52261e-05 1.00051 -0.366668 -2.56885e-06 -3.58299e-06 1 1
0.999559 -0.0036079 1.24046 0.000610657 0.996974 1.1532 -1.01281e-06 -6.96459e-08 1 1
1.0011 -0.00203069 -0.174519 0.00225162 0.998614 -0.5889 2.57454e-06 -2.40552e-06 1 1
1.00006 0.00148578 -0.203145 0.000135159 0.999784 0.574803 2.73701e-07 -8.16209e-07 1 1
0.999525 -0.00385368 0.64504 0.000924446 0.997015 0.974269 1.21461e-06 -4.75266e-06 1 1
1.0014 -0.000391302 -0.793148 0.00181269 0.999213 0.403732 2.56933e-06 -1.53397e-06 1 1
0.998988 0.00049763 -0.00645797 0.000602817 0.996538 0.914661 1.38754e-07 -3.83788e-06 1 1
0.999342 -7.24453e-05 0.795831 0.000583624 0.99614 0.725804 -7.24024e-07 -3.00745e-06 1 1
0.998774 -0.00201245 1.34236 -0.000229826 0.998974 0.464997 -1.36231e-06 -1.63577e-06 1 1
1.00067 -0.00115597 -0.081186 0.000224241 0.999154 0.620306 1.05643e-06 -4.71792e-07 1 1
1.0019 0.000364604 -0.747155 0.000392605 0.999223 0.253333 2.60837e-06 5.63111e-07 1 1
1.0001 0.0010341 -0.739111 -0.000294831 1.00054 -0.117889 2.25565e-07 -4.64252e-07 1 1
0.999743 -0.000103112 0.158712 0.000248331 1.00024 0.194284 -9.87121e-07 5.31195e-07 1 1
1.00123 9.97928e-05 -0.112786 0.000802385 1.00059 0.182331 2.85063e-07 2.892e-06 1 1
0.999896 -0.00105981 0.109965 0.000376332 1.00041 -0.0837641 1.43854e-07 -8.30165e-07 1 1
1.00036 0.000259796 -0.107384 0.000195638 1.0002 0.277789 -5.12767e-08 1.01294e-06 1 1
1.01832 -0.000288459 -6.09303 -0.00062318 1.01552 -4.32246 -2.39676e-06 8.40867e-07 1 1
1.0003 -0.000763883 -0.0393921 0.000135502 1.00084 -0.0433656 3.7266e-07 1.14169e-07 1 1
1.06672 -0.00116238 -20.3715 0.00109609 1.07148 -15.6397 3.00663e-06 1.78034e-06 1 1
1.0282 0.00155689 -9.23465 2.67614e-05 1.01829 -5.31119 1.91596e-06 2.19175e-06 1 1
1.01763 0.00419881 -7.71987 -0.000949718 1.01894 -5.92454 -1.39876e-06 2.61626e-06 1 1
0.998492 0.00314675 1.08671 -0.00156481 1.0019 -0.369528 -4.12289e-06 4.50416e-06 1 1
1.04392 -0.000321394 -12.9829 -0.00063241 1.04713 -11.2901 -4.55216e-06 1.88382e-06 1 1
1.02246 -0.00167832 -5.15484 0.000119977 1.02888 -6.3374 -2.23484e-06 9.02121e-07 1 1
1.00014 4.38194e-05 0.804985 -0.000736038 1.0002 0.297068 -8.60092e-08 7.03569e-07 1 1
1.02937 0.000261469 -8.8495 -0.00242408 1.02396 -5.63026 3.40436e-07 -8.56048e-07 1 1
1.04724 0.00257202 -16.1991 -0.00232307 1.05526 -11.9297 -1.33046e-07 3.43385e-06 1 1
1.00025 0.0028465 -1.41947 -0.00140241 1.00058 0.564814 2.80096e-07 -2.22383e-07 1 1
1.02743 0.00122092 -9.75571 0.000824664 1.01667 -5.41194 5.12957e-07 1.93655e-06 1 1
1.00578 -0.000930643 -2.95622 -0.00313307 1.02414 -5.49335 -1.44293e-05 1.55595e-07 1 1
1.00005 0.000433123 0.944134 0.00128357 1.00413 -2.43857 -1.66121e-06 4.71069e-06 1 1
1.06376 -0.000724553 -17.5953 0.00113347 1.05859 -14.4171 8.50361e-07 1.93616e-06 1 1
1.03003 -0.00216647 -8.66094 0.000370691 1.03699 -8.21329 1.16641e-07 8.44916e-07 1 1
1.00021 0.00116004 -1.40359 -0.000127435 1.00086 0.0412204 -4.5784e-08 2.44084e-06 1 1
1.02412 -0.00080649 -8.25732 -0.000490526 1.02733 -7.69718 -2.87654e-06 -2.76761e-06 1 1
1.02015 0.00153918 -7.8913 -0.00202039 1.02728 -7.59571 -9.04108e-06 1.10397e-06 1 1
0.998835 0.00232859 1.60857 -0.000733479 1.00019 -0.422338 -2.17647e-06 1.5374e-06 1 1
1.03264 0.000789771 -7.64956 -0.000996584 1.03587 -8.93751 -3.22405e-06 6.3139e-06 1 1
1.03332 -0.0015106 -8.91955 -0.000392211 1.03305 -6.75435 1.06981e-07 -3.49857e-07 1 1
0.999295 -0.000981859 -0.0437539 -0.000952968 0.99992 0.143007 -1.16372e-06 -6.23897e-07 1 1
1.07526 0.00149761 -25.0888 0.000263292 1.07179 -15.8835 2.11789e-06 9.58296e-08 1 1
1.03883 0.00181838 -14.6018 -0.000596956 1.03791 -9.33506 1.16008e-06 1.67842e-06 1 1
0.999818 -0.000458425 0.226923 0.000246601 0.999779 -0.487947 8.44599e-07 -1.1715e-06 1 1
1.03091 0.000329632 -9.99112 1.96746e-05 1.03134 -8.08806 -7.33745e-08 1.15043e-06 1 1
1.09429 0.00136628 -28.5321 0.000742226 1.09303 -21.7033 1.69705e-06 3.52658e-06 1 1
1.00118 6.85455e-05 -0.00440306 0.00159804 1.00356 -1.46242 2.06437e-06 2.54196e-06 1 1
1.04196 -0.00352665 -15.2656 0.000914932 1.0417 -11.0945 -1.65504e-06 -2.28495e-06 1 1
1.04336 -0.00262711 -14.7754 0.00121672 1.04162 -11.2673 -2.8777e-06 -2.36913e-06 1 1
1.00043 0.000556224 -0.369258 0.00071519 1.00018 -0.14286 1.64238e-06 -1.20825e-07 1 1
1.00385 0.00187773 -0.943153 0.00116648 1.00299 -0.956593 5.00347e-06 2.44404e-06 1 1
1.23488 0.0434808 -102.444 -0.029473 1.2611 -60.556 -4.87971e-05 -5.6882e-05 1 1
1 -0.00207008 1.58814 0.000518925 1.00039 -0.317041 -9.88927e-07 2.4439e-07 1 1
1.00222 0.000328729 -0.760165 0.000372576 1.00061 0.235769 2.17352e-06 1.01678e-06 1 1
1.00066 0.000250991 -0.631711 0.0002605 1.00111 -0.568924 9.62421e-07 1.69127e-07 1 1
0.99888 0.00195481 0.254112 -0.00162964 0.998881 -0.123368 -1.38335e-06 6.97493e-07 1 1
1.00087 0.00213175 0.0897788 -0.00128242 1.00274 -0.587072 3.39976e-09 2.45567e-06 1 1
1.00033 0.000606301 -0.04181 0.000312775 1.00013 -0.189092 3.44464e-07 9.72042e-08 1 1
0.998757 -0.000946031 1.58977 -0.000253295 0.998797 -0.103131 -1.15416e-06 -1.23505e-06 1 1
1.00056 -0.00134821 0.248789 0.00130702 0.999132 -0.751008 7.06691e-07 -2.59633e-07 1 1
1.00081 0.000314666 0.411379 -1.25021e-05 1.00025 -2.05279 4.02481e-07 4.45921e-07 1 1
0.998611 0.00149276 1.47283 -0.0021977 0.998692 -0.864709 -9.73284e-07 -1.36644e-06 1 1
0.99998 0.00231 0.816557 -0.00162793 1.00253 -0.709772 -1.75706e-06 3.52743e-06 1 1
0.998228 -0.001913 1.30848 9.10379e-05 0.998149 0.325006 -1.55506e-06 -1.52924e-06 1 1
1.00136 0.000157977 -0.569152 0.00127497 1.00181 -1.01704 8.5873e-07 2.07171e-06 1 1
1.00071 0.00217285 0.362139 0.000515865 0.999655 -0.0805318 -3.99269e-07 1.95883e-06 1 1
1.00009 -0.0024418 1.1253 0.000428057 1.00228 -1.63031 -5.76682e-07 1.50166e-06 1 1
1.00038 0.00204241 -1.23365 0.000654482 0.997882 -1.03166 1.07701e-06 -9.9083e-07 1 1
1.00002 0.000373576 2.02548 -0.0010397 1.00129 -1.696 -6.94198e-07 2.4484e-06 1 1
0.999681 0.00138831 1.09625 -0.000824233 1.00029 -2.16461 -1.19117e-06 1.6604e-06 1 1
1.00098 -0.00196807 -0.367738 0.000475522 1.00325 -2.76437 4.61263e-07 2.3371e-06 1 1
0.999706 0.000939574 -1.36412 5.51408e-05 0.998873 -1.12376 1.89005e-07 -1.09935e-06 1 1
0.998574 -0.000321894 1.01369 0.00025474 0.999157 -0.799986 -1.06787e-06 -7.79669e-07 1 1
1.0003 -0.00107996 0.485171 0.000408005 1.00138 -1.20371 -1.21161e-07 1.6761e-06 1 1
1.00038 0.00209378 -0.530073 -0.000574516 0.99736 -1.22194 6.97255e-07 -8.2087e-07 1 1
1.0005 0.000140702 -0.0195403 -0.000615337 1.00289 -2.31887 -3.59618e-07 2.95755e-06 1 1
0.999995 -8.84626e-05 -0.371763 0.000102276 0.999863 -1.89589 4.20303e-07 -6.54695e-07 1 1
1.00004 -0.000131506 0.00769845 0.000297072 1.00142 -0.806072 2.35663e-07 -3.56825e-07 1 1
0.999435 0.000380932 0.577134 0.000208197 0.999295 1.40153 -1.57078e-06 2.3252e-06 1 1
0.99995 -0.000214237 0.00534417 0.000411613 0.9994 -1.60373 2.26285e-07 -4.34502e-07 1 1
0.999849 -0.000670251 0.607838 5.83994e-05 1.00161 -1.18369 -7.80537e-07 7.60251e-07 1 1
1.00032 0.000679551 -0.408078 2.51948e-05 1.00082 1.14634 8.10221e-07 -2.7262e-07 1 1
0.999451 -0.00120368 1.27022 -0.000302565 0.996585 0.570621 -3.8724e-07 -1.93311e-06 1 1
1.00102 0.00259989 -0.803311 -0.00112721 0.998179 -1.96225 1.0987e-06 5.30388e-07 1 1
0.999572 -8.72425e-05 0.430042 -0.00115241 1.00427 -1.81777 -7.58613e-07 1.38344e-06 1 1
0.99928 -0.000190123 -0.204218 0.000290829 1.0008 0.102846 -8.83385e-07 2.23945e-07 1 1
1.00101 -0.000180992 -0.598691 0.000627281 0.996989 -0.240997 1.33527e-06 2.18438e-07 1 1
0.998627 -0.000592728 0.405994 -0.000290794 1.00204 -3.25926 -1.37796e-06 5.72684e-07 1 1
1.00086 -0.00315692 -1.75385 0.00248524 1.00437 1.60696 8.23415e-07 2.98048e-07 1 1
1.00032 -0.00420399 -1.863 0.00245093 0.998772 5.23658 1.94046e-06 -3.64741e-06 1 1
1.00108 0.000430911 -3.48023 0.00148185 0.996835 2.50321 2.19049e-06 -1.13616e-06 1 1
1.00039 0.00105103 -1.47952 0.000209723 0.999429 -0.219313 4.73204e-07 4.45776e-07 1 1
1.00135 -0.00423404 -2.18899 0.00150828 1.00131 -0.191233 2.17702e-06 -8.10903e-07 1 1
1.00056 -0.00110451 -4.2049 0.00144617 1.00007 -0.802857 1.33729e-06 -1.89138e-06 1 1
1.00028 -3.91917e-05 -2.6943 0.000757721 0.998909 0.911791 7.91482e-07 -9.04004e-07 1 1
1.00143 0.00130967 -1.06692 0.000101743 0.999701 -0.449327 1.43161e-06 1.7333e-06 1 1
0.943349 -0.000683679 16.5311 -0.00112901 0.948869 10.4812 -1.94839e-06 -1.57386e-06 1 1
1.00038 0.0016957 -0.89518 0.000252461 0.999282 -1.1959 3.52534e-07 1.30897e-06 1 1
0.999814 0.000430918 0.295216 -0.000366536 1.0006 -3.20338 -7.21121e-07 5.45441e-07 1 1
0.997036 -0.0088799 3.31382 -0.0021291 0.989448 1.14474 5.67347e-06 -2.4977e-05 1 1
1.00004 -0.000489493 1.32703 -0.000719613 1.00237 -0.906101 -5.49866e-07 1.48038e-06 1 1
0.999872 -0.00254587 -0.310117 0.00126746 1.00039 0.791585 1.97389e-07 -7.95207e-07 1 1
0.999718 0.000311521 -0.338209 0.000336621 0.999136 0.892442 1.65561e-07 -5.25721e-07 1 1
1.00081 0.00205878 0.442186 -6.96183e-05 0.999623 -0.518518 9.36015e-08 1.77363e-06 1 1
0.999213 -0.00141167 1.1498 -0.000207556 0.999587 -0.637447 -2.4955e-07 -2.16714e-06 1 1
1.00048 0.00016505 -0.491945 -0.000442423 1.00104 0.806224 2.8106e-07 1.54573e-06 1 1
0.999642 0.000415452 -1.23792 -0.000401568 0.999069 0.342899 -1.91726e-07 -2.81378e-07 1 1
0.999102 0.000270762 0.216179 -0.000367503 0.998532 -0.666533 -4.5985e-07 -2.18903e-06 1 1
0.99955 0.000751023 0.0947871 -0.00108752 1.00135 0.805724 -6.7361e-07 8.19127e-07 1 1
0.999613 -0.000483534 -0.0452147 -0.000907651 0.998451 0.768186 4.9573e-07 -2.30717e-06 1 1
1.00166 0.000917117 -1.82322 -0.00030886 1.00195 0.492956 2.88269e-07 2.74578e-06 1 1
0.999318 0.00161826 -0.668802 -0.000696136 0.998438 0.420164 -3.05701e-07 -6.09336e-07 1 1
0.894733 0.000864129 34.6502 -0.000557968 0.891954 22.5162 1.31633e-06 2.35782e-07 1 1
0.864339 -0.0664553 61.6831 0.0429964 0.746682 46.1939 0.000108834 -0.000172777 1 1
0.971494 0.00115961 7.22879 -0.00953208 0.985947 5.84138 -2.5611e-05 -3.19965e-07 1 1
0.920319 0.00268481 24.722 0.00150103 0.91925 18.9519 7.64035e-06 3.46975e-06 1 1
0.99702 -0.00331155 2.13544 -0.000397053 0.999046 -1.75879 -1.82917e-06 -4.15011e-06 1 1
0.96727 -0.00522723 10.2106 0.0010496 0.967496 7.61578 -2.08074e-06 -3.68344e-06 1 1
0.964564 0.00302075 11.3334 0.000249579 0.964613 9.29463 1.07376e-06 -1.34131e-08 1 1
0.999159 -0.000321445 0.490802 -0.00086898 0.996967 1.11603 -1.41186e-06 -3.50923e-06 1 1
0.93592 -0.00119354 20.9432 0.00141333 0.935437 14.7421 5.68193e-06 2.48598e-08 1 1
0.968875 -0.00111791 9.71668 0.00066243 0.968115 6.26925 2.72329e-06 -1.35399e-06 1 1
1.00022 0.00122325 -0.765049 -0.000596445 1.0009 0.113568 -5.41415e-07 1.55774e-06 1 1
0.968037 -0.000662201 9.72721 -0.000244378 0.968113 8.19975 -4.21979e-07 -1.18757e-06 1 1
0.968659 -0.00367164 11.4393 0.000882317 0.966423 8.53922 8.05177e-07 -6.01219e-06 1 1
1.00019 -0.00170929 0.263211 0.00119155 1.00057 0.0481725 1.41057e-06 -2.07187e-06 1 1
0.970513 0.000225707 8.394 -4.86493e-05 0.968664 8.66302 1.31084e-07 -2.76434e-07 1 1
0.971382 -0.00040934 8.3616 -0.000136946 0.965597 7.10947 3.41109e-07 -6.85561e-07 1 1
0.999789 0.000956818 -0.347662 -0.000150873 1.00005 -0.000845707 -6.47806e-07 2.6676e-07 1 1
0.939159 -0.00210522 18.4874 -0.000388162 0.944831 12.6967 -1.44996e-06 -2.51467e-06 1 1
0.978702 -0.00142285 7.50393 0.00094875 0.967588 6.97365 2.23828e-07 -1.59858e-06 1 1
0.999195 0.00268175 -0.298089 -2.17505e-05 0.997676 0.649038 -8.59261e-07 -7.27591e-07 1 1
0.972407 -0.00192503 10.9018 -0.000763736 0.98348 5.29511 -2.55304e-06 -6.56868e-07 1 1
1.00032 -0.00172547 0.0538051 0.000367828 1.00058 -0.340328 4.62748e-07 -8.24236e-08 1 1
0.999317 0.000117293 -0.852463 0.000351085 0.998369 0.335535 3.53102e-07 -2.90621e-06 1 1
0.955601 0.00163437 13.5978 -0.000799078 0.951813 11.9352 -1.3903e-06 1.86319e-06 1 1
0.947325 -0.00229076 16.1958 -3.90348e-05 0.947212 12.2722 -1.7728e-06 -1.16417e-06 1 1
1.00118 0.00237377 -1.01588 -0.000189866 1.00026 0.40839 3.57569e-07 1.72388e-06 1 1
0.953071 0.000869611 15.3121 -0.00172414 0.952754 11.1876 -3.15329e-06 -1.53162e-06 1 1
0.983409 -0.00287065 7.50524 -0.00011243 0.981654 5.60084 1.20521e-06 -2.4183e-06 1 1
1.00067 -0.000705398 -0.233126 0.000956165 1.00043 -0.437525 5.10153e-07 1.07744e-06 1 1
0.974716 -0.000446846 7.4248 0.000278615 0.983169 5.20956 3.09642e-07 -1.71844e-07 1 1
0.957206 -5.77763e-05 12.754 -0.000728676 0.952824 9.95191 -2.13444e-06 -8.11799e-07 1 1
0.999858 0.00148113 -0.0249238 -0.000446224 0.99978 0.100559 -6.83719e-07 8.33728e-07 1 1
0.980006 0.00351005 6.05526 -0.00128089 0.980199 5.56176 -1.71383e-06 4.01868e-06 1 1
0.977154 -0.00135178 8.47903 -0.00071383 0.98154 4.04345 -3.08112e-06 -1.99461e-06 1 1
0.999938 -0.000736534 0.934692 -0.0004673 1.00202 -0.623387 -1.33207e-06 2.3498e-06 1 1
1.00147 0.00105238 -0.733975 -0.000845699 1.00162 0.379688 2.41431e-07 2.94939e-06 1 1
1.00076 -0.000794427 -0.121788 0.000354689 1.0016 -0.0895695 3.91963e-07 1.45622e-06 1 1
1.00198 0.00172908 -1.35051 0.00124727 1.00284 -0.0708955 4.78946e-07 4.85589e-06 1 1
0.999882 -0.0020806 0.13108 0.00245154 0.998001 -0.436947 1.65172e-07 1.31099e-07 1 1
1.00029 -0.00211319 0.467918 0.00243227 1.00003 -1.23747 3.30463e-07 7.77745e-07 1 1
1.00019 -0.00172605 0.336827 0.00196235 1.00231 -1.03675 -2.14785e-07 1.26445e-06 1 1
0.999361 -0.00745466 1.52364 0.00329872 1.0014 -0.80205 1.4137e-06 -5.08608e-06 1 1
1.00427 0.00498935 -2.49821 0.00105627 1.00021 2.50402 2.30177e-06 6.78578e-06 1 1
0.999048 -0.00299961 2.04054 -0.00269704 1.00982 -3.46716 -1.52175e-06 1.62723e-06 1 1
1.01791 0.0279959 -10.7158 0.000262945 1.01486 -0.525584 3.22819e-06 4.37687e-05 1 1
0.999927 -0.00335395 2.69225 -0.00277385 1.01807 -4.35799 -4.52345e-06 1.04316e-05 1 1
1.00252 0.00490744 -2.28503 -0.00168719 0.999135 2.36089 2.19139e-06 2.92988e-06 1 1
1.00161 0.00983722 -3.06968 -0.00733932 1.00204 3.09362 5.7502e-07 3.37546e-06 1 1
0.999098 0.0152674 -2.64754 -0.0126229 1.00222 4.52303 3.0203e-08 -2.07473e-06 1 1
0.996163 0.0229464 -2.92414 -0.0255082 0.983817 13.1593 -4.42385e-06 -7.86851e-07 1 1
0.997886 0.0348681 -5.78092 -0.0367417 1.00858 7.35428 -5.20874e-06 1.07985e-05 1 1
1.00504 0.0541399 -14.4778 -0.0453573 1.01247 13.5217 4.60106e-06 1.14944e-05 1 1
0.982832 0.049636 -7.35244 -0.0565708 0.978379 22.2478 -7.97429e-06 -1.76125e-05 1 1
0.982639 0.0559688 -6.46744 -0.0612225 0.988815 20.0458 -1.1084e-05 -1.15575e-05 1 1
0.960898 0.0502798 3.16553 -0.0611671 0.993596 16.8723 -3.92054e-05 8.71626e-06 1 1
0.992307 0.046757 -6.43598 -0.0480504 1.00108 14.0324 -1.03904e-05 7.412e-06 1 1
0.993509 0.0411561 -6.31916 -0.0434141 0.997361 12.963 -9.58867e-06 6.51601e-06 1 1
0.998582 0.032994 -5.7613 -0.0337044 1.00629 6.68513 -3.77498e-06 1.23403e-05 1 1
0.966927 0.0249216 3.71834 -0.029211 1.00684 3.42872 -3.38366e-05 2.62733e-05 1 1
1.00576 0.0126257 -8.27191 -0.0117018 1.01471 2.01371 9.17083e-06 -2.52418e-07 1 1
1.00965 0.019393 -9.91519 -0.00495334 1.01312 3.44522 1.12166e-05 9.95603e-06 1 1
0.95757 0.00913618 9.07785 -0.00911503 0.987701 4.60554 -3.94107e-05 1.74636e-05 1 1
1.00218 -0.0161088 -0.120661 0.0103795 1.00954 -5.05771 6.44061e-06 -4.38122e-06 1 1
1.00934 -0.0184852 -3.20981 0.0159221 1.00872 -1.69572 1.76844e-05 -7.13486e-06 1 1
0.99597 -0.0205795 -0.126506 0.024457 1.01364 -5.3112 6.38018e-06 8.46865e-06 1 1
1.01436 -0.0319288 -6.33296 0.0309324 1.00156 -2.6911 3.0455e-05 -1.59523e-05 1 1
1.01275 -0.0334825 -6.63467 0.0362851 0.997476 -4.4205 2.95619e-05 -1.64858e-05 1 1
1.00859 -0.0599853 1.15776 0.0544328 1.01604 -14.752 3.27649e-05 -2.21521e-05 1 1
1.01487 -0.0610776 -2.94627 0.0582639 1.00113 -8.62252 3.97157e-05 -2.7984e-05 1 1
1.01757 -0.0508031 -7.40259 0.0619451 0.993237 -7.03144 3.98192e-05 -1.54609e-05 1 1
1.02013 -0.0651417 -3.78172 0.0694725 0.992397 -16.2595 4.87613e-05 -1.91991e-05 1 1
1.01871 -0.0736478 -2.8609 0.0767111 1.01148 -24.7057 4.93877e-05 -2.2199e-05 1 1
1.00036 -0.0954674 1.7371 0.0764917 0.975436 -11.4826 4.95244e-05 -7.81773e-05 1 1
1.03591 -0.0836466 -10.2582 0.0912267 1.00361 -17.5534 8.60885e-05 -5.19759e-05 1 1
1.04438 -0.0630357 -15.3789 0.0887899 1.00211 -15.2911 9.31256e-05 -4.00449e-05 1 1
1.02221 -0.0665135 -7.6921 0.0795381 1.00447 -14.6795 5.92668e-05 -4.61272e-05 1 1
1.01848 -0.0581311 -4.46009 0.0755692 0.987613 -7.84665 4.50618e-05 -2.96043e-05 1 1
1.00642 -0.0604675 4.09125 0.0717273 0.990315 -12.4105 1.90061e-05 -1.66978e-05 1 1
1.01138 -0.0465208 5.27215 0.0695494 1.00846 -19.4673 3.97755e-06 2.03471e-05 1 1
0.992895 -0.0472389 16.9493 0.0569989 0.998373 -16.0735 -1.18898e-05 -6.597e-06 1 1
0.983802 -0.0482902 23.4239 0.03964 0.995428 -8.90133 -3.41559e-05 1.04815e-06 1 1
0.98448 -0.0595288 26.1446 0.0445374 0.989412 -7.18009 -2.41932e-05 -1.90457e-05 1 1
0.974044 -0.0524982 26.2908 0.0386593 0.984328 -0.199936 -4.15874e-05 -3.0271e-05 1 1
0.97565 -0.0394626 25.9034 0.0311527 0.977002 9.13082 -4.48766e-05 -2.9015e-05 1 1
0.963378 -0.0216178 31.7175 0.0095503 0.954702 19.1278 -6.09632e-05 -2.84817e-05 1 1
0.971425 -0.0117185 30.1928 -0.00689069 0.973376 17.1029 -5.88551e-05 -1.31243e-05 1 1
1.01066 0.0585126 9.11125 -0.0276306 1.00414 19.6332 -2.37787e-05 3.03531e-05 1 1
0.938076 0.0846623 17.2353 -0.102802 0.973632 37.4941 -0.00010197 1.47955e-05 1 1
0.997014 0.144796 -1.75083 -0.100345 1.01275 29.8366 -4.9783e-05 8.45797e-05 1 1
1.37673 0.361261 -117.678 -0.0506992 1.37343 -47.0062 0.000232539 0.00044221 1 1
0.931565 0.158495 16.0532 -0.154911 0.992272 40.1517 -9.94137e-05 6.03799e-05 1 1
0.889506 0.146462 22.3247 -0.16904 0.95873 46.0662 -0.000164668 6.14747e-05 1 1
0.913584 0.131009 19.0039 -0.138268 0.953661 31.6984 -0.00012903 5.44688e-05 1 1
0.955509 0.100397 16.4791 -0.119054 1.03851 13.4869 -7.35872e-05 4.7871e-05 1 1
0.9637 0.111827 3.66514 -0.118771 0.976802 33.4213 -5.3268e-05 3.12616e-05 1 1
0.96093 0.0569911 4.82418 -0.11227 1.00915 24.5546 -4.73273e-05 -1.41351e-05 1 1
1.01038 0.0195488 -15.9797 -0.0608814 1.01518 29.0923 1.95283e-05 -1.651e-05 1 1
0.999142 -0.00140419 -19.5208 -0.0276046 1.00679 23.1799 2.33357e-05 -3.66349e-05 1 1
1.05101 0.0187504 -41.2027 -0.00093126 0.999194 22.1394 8.67957e-05 -3.74018e-05 1 1
1.01803 0.0278235 -30.4682 -0.0164593 0.992705 22.2655 4.5985e-05 -4.65017e-05 1 1
1.02398 0.0215281 -26.8894 -0.0183659 0.988096 22.736 4.73948e-05 -2.88096e-05 1 1
1.0283 0.0304288 -28.9652 -0.0210649 0.997708 17.0987 4.77964e-05 -1.21774e-05 1 1
1.01709 0.0345889 -26.8184 -0.0316071 1.01164 16.5697 3.79458e-05 -2.65374e-05 1 1
1.02755 0.017041 -24.8518 -0.00852954 1.01543 11.4568 4.58349e-05 -6.03021e-06 1 1
1.01416 -0.0256886 -17.7181 0.0106524 0.997748 3.60489 3.36662e-05 -2.13182e-05 1 1
1.02723 -0.0461825 -20.5551 0.0439696 1.03047 -11.8759 6.10304e-05 -3.41333e-05 1 1
1.03219 -0.0249115 -23.8897 0.0574769 1.00959 -2.83918 6.47008e-05 -6.92877e-06 1 1
1.01405 -0.0532037 -11.4914 0.060974 0.969385 -9.72581 4.14906e-05 -2.50998e-05 1 1
1.0014 -0.0974436 -1.94195 0.0818891 0.98161 -32.5979 2.8342e-05 -4.45174e-05 1 1
1.027 -0.127586 -3.92232 0.130426 1.07208 -51.2771 7.37983e-05 1.84356e-05 1 1
1.02781 -0.154918 -8.18142 0.141277 1.00196 -29.9808 0.000105685 -6.7766e-05 1 1
1.07307 -0.142055 -25.0004 0.166777 1.01284 -34.6106 0.00016679 -6.02656e-05 1 1
1.06047 -0.129437 -25.5241 0.15693 1.01071 -36.188 0.000148595 -7.948e-05 1 1
1.05909 -0.115011 -24.335 0.153039 1.02076 -33.1095 0.000132185 -4.13556e-05 1 1
1.04604 -0.0772134 -17.9816 0.127396 1.01609 -24.9593 0.000103148 -2.57813e-05 1 1
1.01632 -0.0329345 -8.13391 0.0797903 1.01238 -17.7684 2.94037e-05 -6.26535e-09 1 1
0.996837 -0.00990336 5.46175 0.0456925 1.01482 -11.2912 1.5821e-06 -6.56394e-06 1 1
0.980665 -0.0108141 19.6344 0.016755 0.980612 5.96806 -2.37834e-05 -1.2731e-05 1 1
0.96424 -0.00724128 28.7609 -0.00121787 0.976335 10.9419 -4.80956e-05 -2.11112e-05 1 1
0.941726 0.0139666 36.8456 -0.0251078 0.950587 21.2744 -8.03051e-05 -2.72197e-05 1 1
0.920081 -3.31153e-06 51.1502 -0.0362207 0.948566 19.9101 -0.000107826 -3.75774e-05 1 1
0.90664 0.0144805 51.1488 -0.0519292 0.95413 26.6828 -0.000132112 -3.75675e-05 1 1
0.920756 0.0176776 53.2658 -0.0508546 0.946235 32.6325 -0.000115917 -3.92633e-05 1 1
1.00745 0.0726714 33.4695 -0.0481305 0.996823 28.8211 -3.25484e-05 5.99191e-06 1 1
0.899966 0.0574284 61.9673 -0.105431 0.92193 49.8228 -0.000133135 -2.80974e-05 1 1
0.887045 0.0642208 54.93 -0.124366 0.940746 44.9737 -0.00015658 -9.99166e-06 1 1
0.903092 0.0760336 45.57 -0.116524 0.945943 42.2156 -0.000130704 -2.63575e-06 1 1
0.923389 0.0857642 35.9352 -0.118935 0.962463 39.409 -0.000105186 1.25616e-05 1 1
0.918247 0.0693381 31.2777 -0.109355 0.945837 31.8533 -0.000111174 7.71478e-06 1 1
0.926532 0.0338754 32.7077 -0.0760363 0.968533 12.2375 -9.55675e-05 -7.74427e-06 1 1
1.00215 0.02044 9.76937 -0.0618175 1.03648 9.87467 -1.3403e-05 3.49928e-05 1 1
1.00529 0.0502406 -17.2544 -0.061882 0.998205 23.0425 6.48984e-06 9.72502e-06 1 1
1.00246 0.0246502 -14.4576 -0.0346835 1.00416 9.07723 1.19721e-05 -1.6265e-05 1 1
0.999835 -0.0074781 -11.6585 -0.0145766 1.01951 6.19196 1.24983e-05 -1.29842e-05 1 1
1.01322 -0.0156127 -20.194 0.0107372 1.01423 9.25695 3.66603e-05 -1.63872e-05 1 1
0.974921 -0.0529613 -7.49298 0.0296826 0.97752 6.71898 6.33978e-06 -4.80726e-05 1 1
1.02377 -0.0843032 -15.4261 0.0760772 1.00109 -10.6979 6.92595e-05 -5.07927e-05 1 1
1.0434 -0.0754322 -23.9496 0.0879139 1.01434 -11.0056 9.46777e-05 -3.89234e-05 1 1
1.0317 -0.0702685 -22.3315 0.0878646 0.982486 -11.1368 7.04176e-05 -2.01373e-05 1 1
1.04236 -0.109364 -13.2487 0.114259 1.01856 -38.4826 8.80294e-05 -7.27614e-06 1 1
0.942882 0.00127514 -37.5824 -0.0369403 0.674663 64.2038 -4.35645e-05 -0.00033385 1 1
1.05952 -0.0743233 -36.5759 0.110705 1.02425 -16.7273 0.000128143 -3.76209e-05 1 1
1.05992 -0.0635542 -35.9808 0.0936593 0.973197 -9.75774 0.000131591 -5.87174e-05 1 1
1.04552 -0.0500816 -29.7931 0.0792057 1.00479 -28.5659 9.91746e-05 -3.4013e-05 1 1
1.0626 -0.0258268 -29.9641 0.0784296 1.05743 -31.6017 9.77676e-05 7.35371e-06 1 1
1.007 0.0152762 -17.2955 0.0302393 0.987013 -0.782978 2.08429e-05 -1.83083e-05 1 1
0.982128 0.0239909 5.52031 0.00382542 0.982463 2.37825 -2.38435e-05 -7.44985e-06 1 1
0.985874 0.0171747 17.6082 -0.0167803 0.987423 6.71171 -2.56326e-05 -8.05507e-06 1 1
0.979242 0.0435512 15.7251 -0.0481977 0.99296 18.1257 -4.17515e-05 1.28503e-05 1 1
0.966512 0.0507612 17.3464 -0.0637176 0.973616 25.3589 -5.10631e-05 9.10487e-07 1 1
0.959009 0.0517001 20.4493 -0.0668657 0.97705 21.9931 -5.87341e-05 -5.30991e-06 1 1
0.955467 0.041991 23.2067 -0.070052 0.971089 22.9027 -6.65135e-05 5.0306e-06 1 1
0.971369 0.0383594 16.6789 -0.0523612 1.00053 11.0678 -5.07355e-05 1.23978e-05 1 1
0.967358 0.0247597 18.722 -0.0340079 0.989055 8.61851 -5.85534e-05 1.87227e-05 1 1
0.988071 0.000843603 18.6137 -0.0094378 1.01477 -4.50703 -3.80276e-05 3.36733e-05 1 1
0.99322 -0.031873 15.9827 0.00668741 0.993278 -0.964182 -1.14172e-05 -2.26949e-06 1 1
1.00046 -0.0299045 6.11246 0.0178437 1.00137 -5.12161 3.08562e-09 -4.10944e-08 1 1
1.01301 -0.0185345 -1.37477 0.0175317 1.00763 -5.18984 1.48112e-05 9.18884e-06 1 1
1.01169 0.000244983 -6.53421 0.00877143 1.00015 -4.36486 1.10737e-05 1.75806e-05 1 1
1.01049 0.0127174 -4.39229 0.00651578 1.00371 -10.7536 7.03081e-07 3.69166e-05 1 1
1.00165 0.00638317 2.71338 0.00861373 0.999452 -17.2766 -1.03476e-05 3.68556e-05 1 1
1.00194 0.02264 3.3346 -0.00151115 1.01581 -23.8629 -1.87762e-05 5.7302e-05 1 1
0.999398 0.0216594 5.4657 -0.0112218 1.02154 -25.246 -2.50309e-05 6.40909e-05 1 1
1.0047 0.00968188 5.68319 -4.37242e-05 1.03427 -27.8015 -1.8467e-05 6.36516e-05 1 1
1.01227 0.00482846 4.90807 0.012424 1.04081 -24.0132 -1.09401e-05 7.51835e-05 1 1
1.00515 -0.0151 4.68843 0.0129803 1.0245 -14.2184 -1.53346e-06 2.45721e-05 1 1
1.00437 -0.0140694 -0.887804 0.00991884 1.0311 -5.14957 8.64337e-06 -3.27504e-06 1 1
1.0001 -0.0236389 -2.51086 0.0111444 1.00557 9.22025 1.70805e-05 -4.52256e-05 1 1
0.997574 -0.0223984 -3.37868 0.00860558 0.995003 20.3422 2.15907e-05 -6.85257e-05 1 1
0.992062 -0.0189911 -3.43519 -0.00167613 0.962655 35.5783 2.39394e-05 -9.94275e-05 1 1
0.985125 -0.0029509 -1.77599 -0.00737206 0.959579 36.4602 9.21179e-06 -8.4022e-05 1 1
0.98211 -0.0107051 4.93362 -0.0158406 0.974068 36.876 1.6011e-06 -7.90125e-05 1 1
0.982799 -0.0299101 4.12049 -0.00594992 0.969649 39.7664 2.52729e-06 -8.20342e-05 1 1
1.00268 -0.0408788 -0.624342 0.0134426 0.971216 33.4574 3.08644e-05 -8.08304e-05 1 1
0.997625 -0.0266539 -7.99799 0.00501157 0.937925 44.5987 3.27494e-05 -9.28357e-05 1 1
1.00346 0.00485196 -13.5577 -0.00631752 0.972117 35.6299 3.07028e-05 -7.04524e-05 1 1
0.996173 -0.00469916 -6.9555 -0.00336899 0.954991 35.4148 2.04324e-05 -6.52318e-05 1 1
0.994477 -0.0109423 -1.82547 0.00353769 0.959121 24.5821 1.3252e-05 -4.86829e-05 1 1
1.00081 -0.00453742 -3.53601 0.00405557 0.976614 14.422 1.13933e-05 -2.35859e-05 1 1
1.00067 -0.00247436 -2.37143 0.00216963 0.979811 7.15151 5.48404e-06 -8.05883e-06 1 1
1.00871 0.00117074 -3.92348 0.00593775 1.00159 -5.16674 6.41298e-06 1.74755e-05 1 1
1.01018 0.00996403 -5.4721 0.00295666 1.00925 -11.3788 1.69066e-06 3.34645e-05 1 1
1.00806 0.0142775 -3.28516 0.000906206 1.0165 -18.4407 -5.824e-06 4.57541e-05 1 1
1.00797 0.0128176 -0.33744 -0.00129968 1.02245 -24.6218 -1.10792e-05 5.85615e-05 1 1
1.01872 0.0029307 -1.52255 0.00227641 1.03749 -32.9489 1.56948e-06 6.55145e-05 1 1
1.01653 0.0340959 -11.263 -0.00265644 1.02682 -27.6162 2.31543e-06 5.8751e-05 1 1
1.00789 0.0585171 -8.37176 -0.0200654 1.02049 -25.1537 -2.31684e-05 8.76068e-05 1 1
0.999991 0.065256 0.667535 -0.0250287 1.03106 -33.4895 -3.79943e-05 0.000100054 1 1
0.994038 0.0512559 10.9391 -0.030412 1.03568 -34.2851 -4.53697e-05 9.82172e-05 1 1
0.99446 0.0317524 13.2916 -0.0272984 1.0436 -33.5893 -4.82912e-05 9.58744e-05 1 1
0.99888 0.0032758 10.2405 -0.00941206 1.04056 -29.8411 -3.12061e-05 7.3687e-05 1 1
1.01219 -0.0123848 1.6411 0.00932251 1.04272 -27.5802 -6.31719e-07 4.7762e-05 1 1
1.01602 -0.0164783 -3.73199 0.021063 1.0233 -19.3332 1.67727e-05 1.7813e-05 1 1
1.00809 -0.0201806 -1.85492 0.0272079 1.01634 -14.9613 1.56665e-05 -1.39779e-05 1 1
0.99309 -0.0241072 5.39755 0.0217045 1.01584 -3.58279 1.10101e-06 -3.19868e-05 1 1
0.984902 -0.0362573 7.42921 0.0106131 0.989717 15.3211 4.27322e-06 -7.40893e-05 1 1
0.987691 -0.0351951 3.67677 0.00703137 0.970791 30.3448 1.2007e-05 -8.46408e-05 1 1
0.994269 -0.0258909 -2.73773 0.00291559 0.965783 33.5645 2.30133e-05 -8.53511e-05 1 1
0.997012 -0.0150915 -5.55107 -0.00199619 0.979499 33.1522 2.30091e-05 -7.95165e-05 1 1
0.995437 -0.0192031 -3.9213 -0.00233601 0.975271 36.2054 2.03314e-05 -7.99017e-05 1 1
0.998196 -0.0278123 -4.09436 0.00163435 0.979288 34.5834 2.51836e-05 -8.13607e-05 1 1
1.00341 -0.0438524 -5.33504 0.0155756 0.955416 37.765 4.16353e-05 -0.000101561 1 1
1.00933 -0.0293296 -11.059 0.0219043 0.95457 31.6795 4.5974e-05 -8.18418e-05 1 1
1.0058 -0.0101326 -12.308 0.0115957 0.959905 29.1951 3.26187e-05 -5.96887e-05 1 1
1.00515 0.00102706 -11.7308 0.0025956 0.964953 26.025 2.32587e-05 -3.9772e-05 1 1
1.00154 0.00804736 -7.94259 -0.000800856 0.972259 16.4711 1.23456e-05 -2.06487e-05 1 1
0.998788 0.000619003 -2.33194 -0.00101258 0.980256 5.55098 8.69362e-07 -4.17045e-06 1 1
1.00363 -0.00014583 -1.23697 0.00768556 0.998163 -8.927 7.01337e-07 1.71153e-05 1 1
1.00224 0.00194506 1.79309 0.00682739 1.0054 -16.4336 -5.87544e-06 2.80285e-05 1 1
1.00234 0.00739739 2.68347 -0.000667438 1.01059 -19.9961 -1.12705e-05 4.30408e-05 1 1
1.00565 0.0189859 0.319321 -0.00612298 1.02538 -25.4214 -1.39222e-05 5.72454e-05 1 1
1.00826 0.021129 -0.747759 -0.00876065 1.03164 -27.7652 -1.59445e-05 7.0065e-05 1 1
1.01406 0.0313316 -4.76263 -0.00805254 1.04546 -31.2044 -1.25777e-05 7.90707e-05 1 1
1.00612 0.0191608 0.0578711 -0.00826527 1.02642 -24.5843 -1.12159e-05 5.40473e-05 1 1
1.02276 0.0259016 -7.01096 -0.00852056 1.05633 -27.6464 -1.53112e-08 7.74625e-05 1 1
1.01444 0.00377663 -5.24207 0.00198924 1.03655 -20.4705 5.42834e-06 4.09606e-05 1 1
1.01292 -0.00231164 -5.56029 0.0113382 1.021 -14.5055 1.19026e-05 2.11155e-05 1 1
1.01504 -0.00204604 -6.78998 0.0091097 1.02446 -11.0292 1.37611e-05 2.14206e-05 1 1
1.0124 -0.00579887 -7.66226 0.00785846 1.01459 -5.12057 1.85187e-05 2.14647e-06 1 1
1.00779 0.00325238 -9.28313 0.00645587 1.00275 0.00768601 1.57368e-05 -8.61839e-06 1 1
0.999465 0.00362298 -3.59162 0.00278139 0.993291 2.64153 6.41541e-06 -1.74282e-05 1 1
0.990734 0.0187067 -0.268612 -0.00259498 0.995379 3.79118 -7.56692e-06 -2.47999e-05 1 1
0.973151 0.00934394 14.3234 -0.0145264 0.976588 13.284 -3.14064e-05 -2.72917e-05 1 1
0.966377 -0.00265647 20.3895 -0.0194068 0.973055 15.2376 -4.23929e-05 -2.58411e-05 1 1
0.974389 -0.00879327 20.2144 -0.0124647 0.979445 12.0915 -3.47868e-05 -1.6596e-05 1 1
0.973029 0.0056936 15.9128 -0.0106554 0.98451 10.5136 -3.59166e-05 -2.00711e-05 1 1
0.972783 -0.000350257 23.9527 -0.0175897 0.974188 17.9673 -4.31851e-05 -7.91351e-06 1 1
0.97068 0.00363266 20.8712 -0.0178648 0.969447 12.3227 -4.28835e-05 -6.15215e-06 1 1
0.976221 0.0103322 20.0189 -0.0130342 0.99999 1.87346 -4.75218e-05 1.45343e-05 1 1
0.943512 0.0125967 27.6941 -0.0182886 0.955563 9.74673 -8.4699e-05 -2.65702e-06 1 1
0.980396 0.0127381 31.2674 -0.0144285 1.00127 -3.38611 -5.91722e-05 4.67457e-05 1 1
0.991372 -0.00701085 24.4271 -0.0255397 1.01087 -0.999173 -3.20178e-05 3.59962e-05 1 1
1.0106 -0.0330391 7.31377 -0.0091434 1.02565 -7.0958 5.95157e-06 2.46264e-05 1 1
1.02482 -0.0415971 -13.2298 0.0206924 1.02139 -13.2703 4.61883e-05 -7.01729e-06 1 1
1.05917 -0.01954 -33.2792 0.0373799 1.03564 -11.1561 9.67198e-05 -1.54744e-05 1 1
1.04355 0.00395409 -36.9085 0.0195092 1.0114 0.732543 7.19277e-05 -1.17847e-05 1 1
1.03924 0.0052858 -32.056 0.0154649 1.01005 -2.37188 6.1173e-05 -1.35301e-06 1 1
1.03809 0.00239183 -28.5763 0.0131016 1.02 -8.11151 5.3508e-05 1.32328e-05 1 1
1.03618 -0.001785 -30.3024 0.0140169 1.02444 -10.0073 6.30082e-05 -9.46525e-06 1 1
1.04484 0.00567512 -34.6864 0.012948 1.02319 -5.53323 7.22094e-05 -2.31559e-06 1 1
1.04973 0.00930841 -35.6809 0.00974641 1.03042 -5.4267 7.53137e-05 6.61091e-06 1 1
1.04329 0.00205143 -36.3447 0.00964007 1.01854 -4.06545 7.88625e-05 -1.62891e-05 1 1
1.04396 0.0207047 -42.4754 0.00857058 1.02433 -4.17872 7.43999e-05 -6.76611e-06 1 1
1.03559 0.0219475 -37.7045 0.00267722 1.0154 -0.10635 6.53795e-05 -1.78526e-05 1 1
1.04284 0.0139455 -34.5245 0.00440963 1.01628 0.809566 7.48159e-05 -1.01699e-05 1 1
1.02945 0.0246473 -31.1826 -0.000496323 1.00946 -0.164965 5.23986e-05 -5.1538e-06 1 1
1.01161 0.0187776 -20.8251 -0.000711801 1.00941 -2.87448 2.31854e-05 -4.78136e-06 1 1
1.01225 0.025016 -13.5474 -0.000198407 1.01358 -1.53821 1.50769e-05 1.48885e-05 1 1
0.990118 0.0228372 -1.07748 -0.00705982 0.996225 1.56179 -2.01148e-05 1.20607e-05 1 1
0.97875 0.00603297 10.9233 -0.00628902 0.986035 0.0744124 -2.87111e-05 -9.33979e-06 1 1
0.981178 0.00731834 13.1966 -0.0087463 0.996632 2.02326 -3.60684e-05 1.01561e-05 1 1
0.959103 -0.00435117 22.4004 -0.00983931 0.973835 3.96635 -5.88371e-05 -8.69417e-06 1 1
0.974165 0.00470712 23.2511 -0.000114057 0.989919 -0.809981 -5.32606e-05 1.75473e-05 1 1
0.973511 0.00154781 30.1232 -0.00423002 0.986447 0.249037 -5.48213e-05 9.60679e-06 1 1
0.973833 0.00839572 30.9449 -0.0123446 0.985109 1.62342 -6.07688e-05 1.96608e-05 1 1
0.958007 0.0103303 35.0524 -0.021861 0.982372 1.98349 -8.08828e-05 2.61703e-05 1 1
0.945337 -0.0016506 41.9839 -0.0221432 0.976628 0.00969829 -8.57116e-05 1.32147e-07 1 1
1.04558 0.0165956 15.5449 0.00917955 1.0416 -14.8848 -3.02765e-06 4.24815e-05 1 1
0.987944 -0.00441067 29.5711 -0.00503284 1.00162 -3.67466 -4.97495e-05 2.16929e-05 1 1
0.968301 -0.0263176 33.0704 -0.00458888 0.988052 -0.920659 -5.77905e-05 1.27915e-05 1 1
0.9847 -0.0263851 22.1055 0.00459841 0.995559 -3.92147 -2.69993e-05 5.50994e-06 1 1
0.999727 -0.0238067 10.6554 0.00673453 1.00189 -3.68028 -3.10449e-06 4.07475e-06 1 1
1.0347 -0.0199956 -7.87433 0.016416 1.01058 -6.37593 3.78072e-05 -7.76756e-06 1 1
1.01626 -0.0124025 -7.61429 0.0113411 1.01133 -4.65482 2.42478e-05 1.80899e-06 1 1
1.02083 -0.017235 -10.9412 0.0154812 1.0129 -5.1082 3.22367e-05 2.02111e-06 1 1
1.02843 -0.0102364 -16.5501 0.0193221 1.01978 -6.1606 4.43701e-05 4.53033e-06 1 1
1.0237 -0.0099434 -16.3602 0.0152958 1.00634 -3.30121 3.99576e-05 -4.17151e-06 1 1
1.02688 -0.00730595 -19.5991 0.0146548 1.01259 -5.40828 4.61817e-05 -6.56042e-06 1 1
1.02899 -0.00386653 -21.8928 0.0126745 1.01778 -4.34557 4.98004e-05 -3.98608e-06 1 1
1.02576 0.0035229 -23.796 0.00875515 1.00765 -1.05776 4.77381e-05 -1.08701e-05 1 1
1.0213 0.000621528 -21.9715 0.00788514 1.00704 -1.73042 4.32084e-05 -1.46636e-05 1 1
1.02733 -0.00353986 -22.1886 0.0097347 1.02009 -3.32199 4.96916e-05 -5.18304e-06 1 1
1.03004 -0.000129952 -23.3664 0.0114255 1.01032 1.02516 5.56429e-05 -1.65529e-05 1 1
1.02145 0.00427458 -20.9876 0.00851604 0.99959 1.72571 4.29919e-05 -1.50554e-05 1 1
1.01782 0.00606546 -18.1857 0.00621681 1.004 -1.62489 3.38047e-05 -7.94905e-06 1 1
1.01793 0.0132274 -15.8674 0.00458375 1.01133 -2.50062 3.01757e-05 1.32733e-06 1 1
1.01115 0.0105504 -10.8986 -0.00100197 1.00371 0.176864 1.87394e-05 -2.39383e-07 1 1
1.00342 0.00863758 -6.84044 -0.00368375 1.00101 0.698164 9.2919e-06 -3.83871e-06 1 1
1.0023 0.00852009 -4.19208 -0.00245939 1.00288 0.299413 3.05021e-06 2.85965e-06 1 1
1.00092 0.0128309 -2.44906 -0.00350007 1.0016 1.01287 -4.43032e-07 5.281e-06 1 1
0.990199 0.0132261 3.4917 -0.00629826 0.994569 1.65425 -1.65122e-05 3.14911e-06 1 1
0.988511 0.0102149 9.26267 -0.0066123 0.995848 0.720811 -2.3886e-05 9.74449e-06 1 1
0.991632 0.00680897 10.4539 -0.00688987 0.996866 -0.0220357 -2.1002e-05 1.35901e-05 1 1
0.985427 0.00199932 12.2152 -0.00911544 0.995427 -0.726114 -2.53844e-05 6.77209e-06 1 1
0.998378 0.00827342 6.58199 -0.00720455 1.00678 -1.03378 -1.35541e-05 1.93089e-05 1 1
