1.00054 0 -0.466187 0 1.00054 -0.00595093 0 0 1 1
0.999879 0 -0.0189514 0 0.999879 0.448853 0 0 1 1
0.9998 0 0.421844 0 0.9998 0.459381 0 0 1 1
1.00054 0 0.430908 0 1.00054 0.174545 0 0 1 1
1.00148 0 -0.293213 0 1.00148 0.459167 0 0 1 1
0.999888 0 0.26123 0 0.999888 0.980911 0 0 1 1
0.9991 0 -0.0791626 0 0.9991 1.11169 0 0 1 1
0.999343 0 -0.350098 0 0.999343 0.647675 0 0 1 1
0.999765 0 -0.0993042 0 0.999765 0.231598 0 0 1 1
1.00003 0 -0.017334 0 1.00003 0.36084 0 0 1 1
1.00014 0 0.0738525 0 1.00014 0.613342 0 0 1 1
0.999925 0 0.328308 0 0.999925 0.681137 0 0 1 1
0.999562 0 -0.207092 0 0.999562 0.946716 0 0 1 1
1.00048 0 -0.196106 0 1.00048 0.809875 0 0 1 1
0.999992 0 -0.442932 0 0.999992 0.874054 0 0 1 1
0.998868 0 0.340332 0 0.998868 0.88266 0 0 1 1
1.00011 0 -0.109558 0 1.00011 0.429138 0 0 1 1
0.999618 0 0.258728 0 0.999618 0.644745 0 0 1 1
0.999771 0 0.162659 0 0.999771 0.519714 0 0 1 1
1.0005 0 -0.19043 0 1.0005 0.525818 0 0 1 1
1.00003 0 0.1651 0 1.00003 0.758331 0 0 1 1
0.999575 0 -0.17926 0 0.999575 0.827362 0 0 1 1
0.999671 0 -0.949829 0 0.999671 0.858246 0 0 1 1
0.999593 0 -0.774902 0 0.999593 0.908279 0 0 1 1
0.999305 0 -0.763672 0 0.999305 1.26471 0 0 1 1
1.00026 0 -0.594971 0 1.00026 0.73616 0 0 1 1
0.999757 0 -0.629883 0 0.999757 1.22961 0 0 1 1
0.999576 0 -0.867615 0 0.999576 1.31613 0 0 1 1
0.999729 0 -0.713135 0 0.999729 1.20111 0 0 1 1
1.00015 0 -0.716431 0 1.00015 1.07462 0 0 1 1
0.998969 0 0.121338 0 0.998969 1.33435 0 0 1 1
0.999022 0 -0.0696411 0 0.999022 0.724884 0 0 1 1
0.999279 0 -0.532471 0 0.999279 0.262085 0 0 1 1
1.0005 0 -1.03143 0 1.0005 0.13858 0 0 1 1
0.999211 0 -0.72699 0 0.999211 0.86972 0 0 1 1
0.998982 0 -0.373413 0 0.998982 0.663605 0 0 1 1
0.999461 0 -0.562439 0 0.999461 0.66449 0 0 1 1
1.00101 0 -0.930725 0 1.00101 0.418518 0 0 1 1
0.999534 0 -0.166565 0 0.999534 1.03494 0 0 1 1
0.999438 0 -0.328674 0 0.999438 0.718628 0 0 1 1
0.999944 0 -0.471802 0 0.999944 0.790131 0 0 1 1
0.998832 0 -0.412842 0 0.998832 1.18234 0 0 1 1
0.999177 0 -0.80426 0 0.999177 0.90799 0 0 1 1
1.00014 0 -1.45563 0 1.00014 0.739258 0 0 1 1
0.998902 0 -1.20013 0 0.998902 1.66406 0 0 1 1
0.998384 0 -0.969849 0 0.998384 1.48468 0 0 1 1
0.999675 0 -0.889648 0 0.999675 0.865631 0 0 1 1
1.00033 0 -0.735474 0 1.00033 0.79126 0 0 1 1
1.00079 0 -0.564209 0 1.00079 0.91571 0 0 1 1
0.999458 0 -0.510986 0 0.999458 1.43616 0 0 1 1
0.999112 0 -0.0106812 0 0.999112 0.83139 0 0 1 1
0.999521 0 -0.268341 0 0.999521 0.789276 0 0 1 1
1.00021 0 -1.04694 0 1.00021 0.708771 0 0 1 1
0.998855 0 -0.956116 0 0.998855 1.638 0 0 1 1
0.99993 0 -1.10965 0 0.99993 1.4408 0 0 1 1
0.999283 0 -1.49896 0 0.999283 1.96655 0 0 1 1
0.998927 0 -0.916077 0 0.998927 1.82687 0 0 1 1
1.00029 0 -0.980652 0 1.00029 1.33838 0 0 1 1
0.998571 0 -0.157104 0 0.998571 1.89886 0 0 1 1
1.00018 0 -0.702026 0 1.00018 0.99057 0 0 1 1
1.00114 0 -1.61853 0 1.00114 1.23419 0 0 1 1
0.999438 0 -0.262573 0 0.999438 1.61066 0 0 1 1
1.00079 0 -0.652283 0 1.00079 1.09604 0 0 1 1
1.00037 0 -0.737183 0 1.00037 1.33691 0 0 1 1
0.99706 0 -0.072998 0 0.99706 2.33865 0 0 1 1
0.9976 0 -1.3894 0 0.9976 1.49249 0 0 1 1
0.998162 0 -1.16632 0 0.998162 1.04483 0 0 1 1
0.999416 0 -1.06097 0 0.999416 0.314697 0 0 1 1
1.00061 0 -0.963928 0 1.00061 0.314331 0 0 1 1
0.999655 0 -1.26929 0 0.999655 1.53809 0 0 1 1
0.99848 0 -0.391937 0 0.99848 1.83331 0 0 1 1
1.00006 0 -2.06876 0 1.00006 1.41296 0 0 1 1
1.00063 0 -1.88068 0 1.00063 1.4762 0 0 1 1
0.998596 0 -0.244904 0 0.998596 1.6713 0 0 1 1
0.998756 0 -0.165192 0 0.998756 1.29486 0 0 1 1
1.00044 0 -0.677795 0 1.00044 1.18338 0 0 1 1
1.0022 0 -2.93591 0 1.0022 1.84363 0 0 1 1
1.0004 0 -2.71588 0 1.0004 3.49792 0 0 1 1
1.00056 0 -2.61087 0 1.00056 3.43631 0 0 1 1
0.99992 0 -2.29617 0 0.99992 3.55258 0 0 1 1
1.00087 0 -2.00943 0 1.00087 3.16132 0 0 1 1
1.0024 0 -2.35672 0 1.0024 2.34369 0 0 1 1
0.998864 0 -1.04419 0 0.998864 4.10236 0 0 1 1
0.999455 0 -0.959412 0 0.999455 3.28601 0 0 1 1
1.00079 0 -1.80988 0 1.00079 2.64627 0 0 1 1
1.00287 0 -3.63541 0 1.00287 2.29321 0 0 1 1
0.998597 0 -3.29239 0 0.998597 4.00174 0 0 1 1
1.00094 0 -4.90939 0 1.00094 3.06802 0 0 1 1
0.998348 0 -3.25681 0 0.998348 3.07715 0 0 1 1
0.994801 0 -0.0974121 0 0.994801 3.04633 0 0 1 1
0.996965 0 -0.0466614 0 0.996965 1.00455 0 0 1 1
1.00001 0 -1.23355 0 1.00001 0.764496 0 0 1 1
1.00078 0 -1.7366 0 1.00078 1.35272 0 0 1 1
1.00025 0 -2.3454 0 1.00025 1.23163 0 0 1 1
1.00142 0 -3.47589 0 1.00142 0.874908 0 0 1 1
1.0033 0 -5.29099 0 1.0033 1.25473 0 0 1 1
1.00073 0 -4.72757 0 1.00073 2.8902 0 0 1 1
0.998277 0 -2.71445 0 0.998277 3.16306 0 0 1 1
0.999125 0 -3.06726 0 0.999125 1.87143 0 0 1 1
0.998768 0 -2.84439 0 0.998768 1.62228 0 0 1 1
0.99852 0 -3.08453 0 0.99852 1.22693 0 0 1 1
0.997041 0 -2.8653 0 0.997041 0.9552 0 0 1 1
1 0 0 0 1 0 0 0 1 0
1 0 0 0 1 0 0 0 1 0
1 0 0 0 1 0 0 0 1 0
0.99634 0 -3.87332 0 0.99634 2.00647 0 0 1 1
1 0 0 0 1 0 0 0 1 0
1 0 0 0 1 0 0 0 1 0
1 0 0 0 1 0 0 0 1 0
1 0 0 0 1 0 0 0 1 0
1 0 0 0 1 0 0 0 1 0
1 0 0 0 1 0 0 0 1 0
1 0 0 0 1 0 0 0 1 0
1.00116 0 -4.6441 0 1.00116 -1.14462 0 0 1 1
1 0 0 0 1 0 0 0 1 0
1 0 0 0 1 0 0 0 1 0
0.997311 0 -3.01764 0 0.997311 0.84375 0 0 1 1
0.998424 0 -2.78708 0 0.998424 -0.0379028 0 0 1 1
0.99929 0 -2.97369 0 0.99929 -1.2417 0 0 1 1
0.999903 0 -3.40649 0 0.999903 -0.956299 0 0 1 1
1.00084 0 -3.21432 0 1.00084 -0.216949 0 0 1 1
1.0005 0 -1.95657 0 1.0005 0.57251 0 0 1 1
0.999987 0 -1.00632 0 0.999987 0.388855 0 0 1 1
1.00066 0 -0.815125 0 1.00066 0.569061 0 0 1 1
0.999675 0 0.0144043 0 0.999675 0.593323 0 0 1 1
0.999434 0 0.143463 0 0.999434 0.085144 0 0 1 1
0.99999 0 -0.0878296 0 0.99999 0.15274 0 0 1 1
0.999309 0 -1.1571 0 0.999309 -0.0595093 0 0 1 1
1.00017 0 -2.54617 0 1.00017 0.52951 0 0 1 1
0.999935 0 -2.51306 0 0.999935 0.497437 0 0 1 1
1.00018 0 -2.87189 0 1.00018 0.379517 0 0 1 1
0.999538 0 -2.56226 0 0.999538 0.273987 0 0 1 1
1.00011 0 -2.02551 0 1.00011 -0.393402 0 0 1 1
1.001 0 -1.96782 0 1.001 -0.55188 0 0 1 1
1.00067 0 -1.86247 0 1.00067 -0.266602 0 0 1 1
1.00048 0 -1.61418 0 1.00048 -0.164398 0 0 1 1
0.999727 0 -1.70294 0 0.999727 -0.14093 0 0 1 1
1.00012 0 -1.31165 0 1.00012 -0.570679 0 0 1 1
0.999875 0 -1.32816 0 0.999875 -0.42923 0 0 1 1
1.00037 0 -1.40842 0 1.00037 -0.440765 0 0 1 1
0.999924 0 -0.832794 0 0.999924 -0.397064 0 0 1 1
1.00192 0 -0.36348 0 1.00192 -0.409363 0 0 1 1
1.00039 0 0.939514 0 1.00039 0.358429 0 0 1 1
0.999635 0 2.3761 0 0.999635 0.0941162 0 0 1 1
1.00145 0 1.26111 0 1.00145 -0.158112 0 0 1 1
1.00001 0 0.573639 0 1.00001 0.442291 0 0 1 1
1.00059 0 -0.826294 0 1.00059 0.14328 0 0 1 1
0.999726 0 -1.46686 0 0.999726 0.332672 0 0 1 1
0.999284 0 -1.22571 0 0.999284 0.180939 0 0 1 1
0.999884 0 -1.46429 0 0.999884 -0.376556 0 0 1 1
1.00095 0 -1.43556 0 1.00095 -0.569763 0 0 1 1
0.999722 0 -0.214691 0 0.999722 -0.422302 0 0 1 1
1.00013 0 0.228241 0 1.00013 -0.709198 0 0 1 1
0.998606 0 1.22958 0 0.998606 -0.264435 0 0 1 1
0.998999 0 1.31146 0 0.998999 -0.652191 0 0 1 1
0.999412 0 1.6279 0 0.999412 -0.579987 0 0 1 1
1.00174 0 0.972198 0 1.00174 -0.731476 0 0 1 1
1.00029 0 0.668762 0 1.00029 0.445496 0 0 1 1
1.00188 0 0.620361 0 1.00188 0.185547 0 0 1 1
1.00062 0 0.568481 0 1.00062 0.830078 0 0 1 1
1.00021 0 1.04358 0 1.00021 0.377197 0 0 1 1
0.998357 0 2.35791 0 0.998357 0.643829 0 0 1 1
0.99996 0 2.02899 0 0.99996 0.0889893 0 0 1 1
0.999502 0 1.55624 0 0.999502 -0.217834 0 0 1 1
0.999974 0 0.438751 0 0.999974 -0.269012 0 0 1 1
1.00071 0 -0.0964966 0 1.00071 0.238953 0 0 1 1
1.00094 0 -0.247681 0 1.00094 -0.223297 0 0 1 1
1.0011 0 0.100464 0 1.0011 0.0290833 0 0 1 1
0.999479 0 1.15887 0 0.999479 0.458588 0 0 1 1
0.998715 0 2.42242 0 0.998715 -0.134277 0 0 1 1
1.0029 0 2.09497 0 1.0029 -1.28708 0 0 1 1
1.00053 0 3.35446 0 1.00053 -0.359192 0 0 1 1
1.00151 0 2.42169 0 1.00151 -0.537964 0 0 1 1
1.00186 0 0.170013 0 1.00186 -0.965851 0 0 1 1
0.999581 0 -1.45532 0 0.999581 -1.90201 0 0 1 1
1.00029 0 -0.400665 0 1.00029 0.317352 0 0 1 1
1.00058 0 0.402924 0 1.00058 0.676605 0 0 1 1
1.00064 0 0.420044 0 1.00064 0.124725 0 0 1 1
1.00019 0 0.58139 0 1.00019 0.658752 0 0 1 1
0.999566 0 0.466583 0 0.999566 0.826691 0 0 1 1
0.999758 0 0.57608 0 0.999758 0.690369 0 0 1 1
1.00027 0 1.08026 0 1.00027 0.24826 0 0 1 1
1.00079 0 0.437469 0 1.00079 -0.0124207 0 0 1 1
1.00166 0 0.128174 0 1.00166 0.353455 0 0 1 1
0.998974 0 1.94797 0 0.998974 1.08688 0 0 1 1
0.99996 0 2.21484 0 0.99996 0.368774 0 0 1 1
1.00001 0 3.21167 0 1.00001 0.0825806 0 0 1 1
1.00238 0 3.51334 0 1.00238 0.126923 0 0 1 1
1.00139 0 3.69803 0 1.00139 0.328522 0 0 1 1
1.00153 0 1.93048 0 1.00153 0.727203 0 0 1 1
1.00043 0 1.79889 0 1.00043 0.34198 0 0 1 1
0.999346 0 2.97354 0 0.999346 0.951599 0 0 1 1
0.999936 0 3.06088 0 0.999936 0.179779 0 0 1 1
0.999879 0 2.71118 0 0.999879 0.174469 0 0 1 1
0.999414 0 1.21457 0 0.999414 -0.319427 0 0 1 1
1.00281 0 0.0888367 0 1.00281 -0.53006 0 0 1 1
1.00364 0 0.0245056 0 1.00364 0.601593 0 0 1 1
0.999894 0 2.07727 0 0.999894 1.05371 0 0 1 1
0.998051 0 3.51102 0 0.998051 0.396027 0 0 1 1
1 0 0 0 1 0 0 0 1 0
1.0038 0 1.02881 0 1.0038 -0.379211 0 0 1 1
0.999813 0 2.3237 0 0.999813 1.45905 0 0 1 1
0.99955 0 1.39642 0 0.99955 0.406769 0 0 1 1
0.997127 0 1.49646 0 0.997127 0.49353 0 0 1 1
0.999796 0 -0.335205 0 0.999796 -2.00598 0 0 1 1
0.998917 0 0.882782 0 0.998917 -0.0969849 0 0 1 1
0.999764 0 0.905853 0 0.999764 -0.35376 0 0 1 1
1.00041 0 0.972473 0 1.00041 -0.0766602 0 0 1 1
0.999468 0 0.740082 0 0.999468 -0.0973206 0 0 1 1
0.999988 0 1.58676 0 0.999988 -0.299072 0 0 1 1
1.00167 0 0.809204 0 1.00167 -0.676178 0 0 1 1
1.0014 0 0.0330811 0 1.0014 -0.197723 0 0 1 1
1.00008 0 0.422211 0 1.00008 0.109711 0 0 1 1
1.00222 0 -0.335999 0 1.00222 -0.928345 0 0 1 1
1.00134 0 -0.149567 0 1.00134 -0.243988 0 0 1 1
0.997905 0 1.86819 0 0.997905 0.669586 0 0 1 1
1.00063 0 1.68488 0 1.00063 -1.57648 0 0 1 1
1.00084 0 1.92642 0 1.00084 -1.23996 0 0 1 1
0.999307 0 2.52408 0 0.999307 -0.476105 0 0 1 1
0.999084 0 1.42557 0 0.999084 -0.630859 0 0 1 1
1.00241 0 -0.0434265 0 1.00241 -0.865814 0 0 1 1
0.998325 0 2.27896 0 0.998325 0.186554 0 0 1 1
1.00064 0 2.00089 0 1.00064 0.0487061 0 0 1 1
1.00205 0 1.70584 0 1.00205 0.567657 0 0 1 1
0.999677 0 2.51044 0 0.999677 1.18582 0 0 1 1
1 0 0 0 1 0 0 0 1 0
1.00191 0 1.29944 0 1.00191 -0.0693665 0 0 1 1
0.997509 0 2.57758 0 0.997509 0.621674 0 0 1 1
1.00249 0 1.77148 0 1.00249 -2.61737 0 0 1 1
1.0004 0 2.77399 0 1.0004 -1.013 0 0 1 1
0.999561 0 3.44415 0 0.999561 -0.641083 0 0 1 1
1.00065 0 2.134 0 1.00065 -0.769348 0 0 1 1
1.00069 0 1.491 0 1.00069 -1.06903 0 0 1 1
1.00055 0 1.23996 0 1.00055 -0.574371 0 0 1 1
0.999131 0 1.74838 0 0.999131 -0.849426 0 0 1 1
1.00011 0 0.784241 0 1.00011 -1.00717 0 0 1 1
1.00047 0 1.41434 0 1.00047 -1.8045 0 0 1 1
0.999467 0 2.16638 0 0.999467 -1.3624 0 0 1 1
1.00074 0 1.32233 0 1.00074 -2.09454 0 0 1 1
1.00111 0 0.718689 0 1.00111 -1.12311 0 0 1 1
1.00051 0 0.980347 0 1.00051 -0.46814 0 0 1 1
1.00034 0 0.773834 0 1.00034 -0.664459 0 0 1 1
1.00042 0 0.70874 0 1.00042 -0.896393 0 0 1 1
0.999991 0 0.744476 0 0.999991 -0.832397 0 0 1 1
1.00079 0 0.819214 0 1.00079 -1.11914 0 0 1 1
1.00031 0 0.615082 0 1.00031 -0.763031 0 0 1 1
0.999268 0 0.655426 0 0.999268 -0.678741 0 0 1 1
1.00015 0 -0.0262146 0 1.00015 -0.939423 0 0 1 1
0.99877 0 0.562286 0 0.99877 -0.98999 0 0 1 1
1.00053 0 0.320099 0 1.00053 -1.29193 0 0 1 1
0.999956 0 0.282379 0 0.999956 -0.340179 0 0 1 1
0.999801 0 0.428864 0 0.999801 -0.572845 0 0 1 1
1.00053 0 -0.297943 0 1.00053 -0.346344 0 0 1 1
0.999751 0 -0.0983582 0 0.999751 0.165344 0 0 1 1
0.999598 0 -0.416199 0 0.999598 0.260681 0 0 1 1
1.00056 0 -0.370636 0 1.00056 0.0298462 0 0 1 1
0.999633 0 0.588135 0 0.999633 -0.215912 0 0 1 1
0.999946 0 -0.0977173 0 0.999946 -0.418396 0 0 1 1
1.0003 0 -0.699707 0 1.0003 -0.209351 0 0 1 1
1.00019 0 -1.06598 0 1.00019 0.269806 0 0 1 1
0.999826 0 -0.410675 0 0.999826 0.409271 0 0 1 1
0.999851 0 0.244995 0 0.999851 0.161591 0 0 1 1
1.00022 0 -0.617126 0 1.00022 0.316925 0 0 1 1
0.999727 0 -1.0007 0 0.999727 0.24527 0 0 1 1
0.99975 0 -1.17349 0 0.99975 0.587189 0 0 1 1
1.00018 0 -0.967377 0 1.00018 0.89035 0 0 1 1
0.999955 0 -1.23062 0 0.999955 0.798889 0 0 1 1
0.999211 0 -0.868317 0 0.999211 0.792297 0 0 1 1
0.999707 0 -0.080658 0 0.999707 -0.346222 0 0 1 1
1.00003 0 0.431396 0 1.00003 -0.445129 0 0 1 1
0.99994 0 0.106354 0 0.99994 -0.369812 0 0 1 1
1.00033 0 -0.69342 0 1.00033 -0.0289001 0 0 1 1
0.999791 0 -0.987793 0 0.999791 0.0555725 0 0 1 1
1.00018 0 -0.377838 0 1.00018 -0.276978 0 0 1 1
1.00007 0 0.330841 0 1.00007 -0.0158691 0 0 1 1
1.00005 0 0.338013 0 1.00005 -0.138062 0 0 1 1
1.00014 0 -0.209686 0 1.00014 -0.0851746 0 0 1 1
0.99978 0 -0.531769 0 0.99978 -0.129791 0 0 1 1
0.999675 0 0.0342102 0 0.999675 -0.514008 0 0 1 1
0.999883 0 0.436249 0 0.999883 -0.486237 0 0 1 1
1.00042 0 0.156006 0 1.00042 -0.293427 0 0 1 1
1.00011 0 -0.266571 0 1.00011 0.138702 0 0 1 1
0.999795 0 -0.576569 0 0.999795 0.199371 0 0 1 1
0.999623 0 0.0599365 0 0.999623 -0.0660095 0 0 1 1
0.999743 0 0.611176 0 0.999743 -0.451202 0 0 1 1
1 0 0.0785217 0 1 -0.430725 0 0 1 1
1.00016 0 0.13974 0 1.00016 -0.154999 0 0 1 1
0.999608 0 0.612244 0 0.999608 -0.173889 0 0 1 1
0.999934 0 0.606842 0 0.999934 -0.470032 0 0 1 1
1.00006 0 0.688263 0 1.00006 -0.320984 0 0 1 1
1.00016 0 -0.138153 0 1.00016 -0.111389 0 0 1 1
1.00021 0 -0.313843 0 1.00021 0.193542 0 0 1 1
0.999943 0 0.274048 0 0.999943 0.320343 0 0 1 1
0.99979 0 0.714478 0 0.99979 -0.0529785 0 0 1 1
1.00015 0 -0.265808 0 1.00015 0.0266724 0 0 1 1
0.999952 0 -0.291046 0 0.999952 0.378479 0 0 1 1
0.999975 0 -0.163116 0 0.999975 0.257996 0 0 1 1
0.999739 0 0.459717 0 0.999739 0.00866699 0 0 1 1
0.999924 0 0.441437 0 0.999924 -0.204865 0 0 1 1
0.999995 0 0.184601 0 0.999995 0.00109863 0 0 1 1
1.00002 0 -0.611694 0 1.00002 0.111755 0 0 1 1
0.999979 0 -0.450378 0 0.999979 0.221344 0 0 1 1
0.999955 0 -0.227997 0 0.999955 0.130524 0 0 1 1
0.99985 0 0.049469 0 0.99985 0.0111694 0 0 1 1
0.999895 0 0.346344 0 0.999895 -0.244324 0 0 1 1
0.999988 0 -0.261292 0 0.999988 -0.135559 0 0 1 1
1.00009 0 -0.639709 0 1.00009 -0.096344 0 0 1 1
1.00001 0 0.0256653 0 1.00001 -0.0144958 0 0 1 1
0.999918 0 0.270844 0 0.999918 -0.170013 0 0 1 1
1.0001 0 -0.00872803 0 1.0001 -0.211426 0 0 1 1
1.00006 0 -0.0027771 0 1.00006 -0.240601 0 0 1 1
1.00015 0 -0.123718 0 1.00015 -0.0868835 0 0 1 1
0.99988 0 0.241638 0 0.99988 -0.273346 0 0 1 1
1.00004 0 0.098999 0 1.00004 -0.393616 0 0 1 1
1.00007 0 0.134521 0 1.00007 -0.293274 0 0 1 1
1.00056 0 -0.0936279 0 1.00056 -0.098175 0 0 1 1
1.00005 0 0.0519409 0 1.00005 0.287872 0 0 1 1
1.00008 0 0.238739 0 1.00008 -0.0723877 0 0 1 1
1.00015 0 0.11377 0 1.00015 -0.156342 0 0 1 1
1.00022 0 0.109833 0 1.00022 -0.241608 0 0 1 1
1.00031 0 0.117188 0 1.00031 -0.254028 0 0 1 1
1.00041 0 -0.265259 0 1.00041 0.0112 0 0 1 1
1.00033 0 -0.400391 0 1.00033 0.149963 0 0 1 1
0.999869 0 -0.142029 0 0.999869 -0.083313 0 0 1 1
1.00016 0 0.258392 0 1.00016 -0.191284 0 0 1 1
1.00024 0 -0.198547 0 1.00024 -0.226807 0 0 1 1
1.0005 0 -0.741913 0 1.0005 0.00900269 0 0 1 1
1.00005 0 -0.747406 0 1.00005 0.349365 0 0 1 1
0.999764 0 -0.542725 0 0.999764 0.243439 0 0 1 1
0.999677 0 0.143738 0 0.999677 -0.0378723 0 0 1 1
1.0001 0 -0.039917 0 1.0001 -0.158997 0 0 1 1
1.00017 0 -0.0897217 0 1.00017 0.161896 0 0 1 1
0.999675 0 -0.404175 0 0.999675 -0.0743408 0 0 1 1
0.997944 0 -1.03149 0 0.997944 0.0251465 0 0 1 1
0.998432 0 -2.79807 0 0.998432 -1.4364 0 0 1 1
0.999522 0 -2.97794 0 0.999522 -2.03647 0 0 1 1
1.00067 0 -1.2735 0 1.00067 -0.566742 0 0 1 1
1.00163 0 0.392273 0 1.00163 0.381287 0 0 1 1
0.999263 0 -0.208191 0 0.999263 0.342804 0 0 1 1
1.00142 0 -2.37619 0 1.00142 0.488983 0 0 1 1
0.999742 0 -1.99374 0 0.999742 1.95544 0 0 1 1
1.00099 0 -0.945557 0 1.00099 1.76767 0 0 1 1
1.00214 0 0.166992 0 1.00214 1.38379 0 0 1 1
1.0019 0 0.491089 0 1.0019 2.12714 0 0 1 1
1.00023 0 -1.04001 0 1.00023 0.802887 0 0 1 1
1.00073 0 -0.0317688 0 1.00073 0.996399 0 0 1 1
1.00187 0 2.15662 0 1.00187 1.46078 0 0 1 1
0.999135 0 1.76089 0 0.999135 -2.43747 0 0 1 1
0.999108 0 -0.0915527 0 0.999108 -3.40512 0 0 1 1
0.998001 0 -1.15533 0 0.998001 -2.43356 0 0 1 1
0.999169 0 -2.17715 0 0.999169 -2.36084 0 0 1 1
0.998591 0 0.338165 0 0.998591 -2.65479 0 0 1 1
0.999504 0 0.341034 0 0.999504 -3.14325 0 0 1 1
1.00021 0 -0.336548 0 1.00021 -3.2825 0 0 1 1
1.00069 0 -0.0777893 0 1.00069 -1.68558 0 0 1 1
1.00145 0 -2.59064 0 1.00145 -1.78375 0 0 1 1
1.00026 0 -3.0405 0 1.00026 -0.344513 0 0 1 1
0.997503 0 -7.61234 0 0.997503 1.87665 0 0 1 1
0.998961 0 -7.29037 0 0.998961 3.72906 0 0 1 1
1.00069 0 -4.2215 0 1.00069 0.847198 0 0 1 1
0.999476 0 -2.45615 0 0.999476 0.371613 0 0 1 1
0.999787 0 -1.14099 0 0.999787 -0.301697 0 0 1 1
1.00069 0 -1.27917 0 1.00069 -0.953094 0 0 1 1
1.00536 0 -3.87552 0 1.00536 0.131317 0 0 1 1
1.00156 0 -2.60516 0 1.00156 2.67502 0 0 1 1
1.00163 0 -0.490479 0 1.00163 0.922791 0 0 1 1
1.00572 0 1.23645 0 1.00572 -4.04303 0 0 1 1
1.00404 0 2.79996 0 1.00404 -3.42856 0 0 1 1
1.00854 0 1.23093 0 1.00854 -1.72375 0 0 1 1
1.00163 0 2.56546 0 1.00163 -0.289459 0 0 1 1
1.00256 0 -0.351166 0 1.00256 -0.199585 0 0 1 1
1.00224 0 -2.05502 0 1.00224 0.788788 0 0 1 1
1.00136 0 -0.885132 0 1.00136 1.8118 0 0 1 1
1.00043 0 1.01251 0 1.00043 0.0856628 0 0 1 1
0.999789 0 1.52332 0 0.999789 -1.366 0 0 1 1
1.00007 0 -0.38443 0 1.00007 -2.30673 0 0 1 1
1.00119 0 -0.0232544 0 1.00119 -0.398102 0 0 1 1
0.999836 0 0.975403 0 0.999836 -1.34843 0 0 1 1
1.00055 0 -0.806946 0 1.00055 -0.902557 0 0 1 1
1.00065 0 -1.54861 0 1.00065 -1.46439 0 0 1 1
1.00006 0 -0.759705 0 1.00006 -0.634766 0 0 1 1
1.00188 0 0.179565 0 1.00188 -1.61462 0 0 1 1
1.00031 0 -0.532745 0 1.00031 -0.87558 0 0 1 1
1.00399 0 -2.51196 0 1.00399 -0.659607 0 0 1 1
1.00062 0 -2.32184 0 1.00062 0.869812 0 0 1 1
0.998162 0 -3.78906 0 0.998162 2.19604 0 0 1 1
0.997261 0 -4.02899 0 0.997261 0.831482 0 0 1 1
0.998064 0 -1.70297 0 0.998064 -0.114777 0 0 1 1
1.00056 0 -0.483154 0 1.00056 -0.887238 0 0 1 1
1.00028 0 1.30319 0 1.00028 -1.01788 0 0 1 1
1.00359 0 -0.212189 0 1.00359 -1.35117 0 0 1 1
1.00071 0 0.088623 0 1.00071 -0.021637 0 0 1 1
1.00072 0 -0.492706 0 1.00072 -0.326111 0 0 1 1
1.00014 0 -1.45651 0 1.00014 -0.522156 0 0 1 1
0.999936 0 -2.26477 0 0.999936 0.347412 0 0 1 1
1.00027 0 -1.96887 0 1.00027 0.378967 0 0 1 1
1.00068 0 -1.55643 0 1.00068 0.582642 0 0 1 1
1.00009 0 -1.48053 0 1.00009 -0.323456 0 0 1 1
0.99859 0 0.483551 0 0.99859 -2.07913 0 0 1 1
1.0013 0 1.64227 0 1.0013 -2.82886 0 0 1 1
1.00187 0 2.02487 0 1.00187 -2.56207 0 0 1 1
1.00161 0 2.05261 0 1.00161 -2.40192 0 0 1 1
1.00064 0 3.24579 0 1.00064 -1.57806 0 0 1 1
1.00205 0 1.9422 0 1.00205 -2.99597 0 0 1 1
1.00228 0 -0.230652 0 1.00228 -3.56247 0 0 1 1
0.999164 0 -1.57861 0 0.999164 -0.711731 0 0 1 1
1.00012 0 -4.00882 0 1.00012 0.746521 0 0 1 1
0.99959 0 -3.52402 0 0.99959 1.48618 0 0 1 1
0.99778 0 -1.54095 0 0.99778 1.91873 0 0 1 1
0.999987 0 -1.45645 0 0.999987 1.02084 0 0 1 1
0.999358 0 -0.674622 0 0.999358 1.32333 0 0 1 1
0.999884 0 -0.649536 0 0.999884 0.0987244 0 0 1 1
1.00097 0 -1.43259 0 1.00097 0.56076 0 0 1 1
1.00044 0 -1.68451 0 1.00044 1.09964 0 0 1 1
0.999764 0 -2.32321 0 0.999764 0.79303 0 0 1 1
0.9995 0 -1.20261 0 0.9995 0.1138 0 0 1 1
1.00027 0 0.1745 0 1.00027 -0.91507 0 0 1 1
0.999361 0 1.09698 0 0.999361 0.0938721 0 0 1 1
1.00007 0 0.86084 0 1.00007 -0.751709 0 0 1 1
1.00066 0 -0.0559692 0 1.00066 -0.81192 0 0 1 1
0.999928 0 0.0846252 0 0.999928 -0.21225 0 0 1 1
1.00013 0 -0.0743408 0 1.00013 -0.296021 0 0 1 1
1.00084 0 -0.00177002 0 1.00084 0.0968323 0 0 1 1
0.99909 0 0.806061 0 0.99909 -0.718872 0 0 1 1
1.00084 0 0.355011 0 1.00084 -0.52179 0 0 1 1
1.00058 0 1.01602 0 1.00058 -0.655396 0 0 1 1
0.996367 0 1.98901 0 0.996367 0.207764 0 0 1 1
1.00103 0 0.411804 0 1.00103 -1.49493 0 0 1 1
0.999893 0 0.863251 0 0.999893 0.309814 0 0 1 1
1.00032 0 0.0710144 0 1.00032 -0.493103 0 0 1 1
0.998617 0 0.784912 0 0.998617 -0.781311 0 0 1 1
1.00103 0 0.731354 0 1.00103 -0.912354 0 0 1 1
1.00013 0 1.19592 0 1.00013 -0.254364 0 0 1 1
0.999866 0 1.16742 0 0.999866 -2.81967 0 0 1 1
1.00143 0 0.333099 0 1.00143 -2.53455 0 0 1 1
1.00062 0 0.245789 0 1.00062 -0.273315 0 0 1 1
1.00467 0 -2.50604 0 1.00467 1.05103 0 0 1 1
1.00056 0 0.0370483 0 1.00056 1.38281 0 0 1 1
0.998296 0 1.98663 0 0.998296 -1.84344 0 0 1 1
1.00286 0 -0.106415 0 1.00286 -4.65445 0 0 1 1
1.00469 0 -0.712769 0 1.00469 -1.88013 0 0 1 1
1.00173 0 0.67334 0 1.00173 -0.220276 0 0 1 1
1.00117 0 0.0394592 0 1.00117 0.67868 0 0 1 1
0.999052 0 0.184204 0 0.999052 -0.196747 0 0 1 1
0.999124 0 1.13364 0 0.999124 -2.07602 0 0 1 1
1.00197 0 2.0976 0 1.00197 -2.89926 0 0 1 1
1.00354 0 1.59579 0 1.00354 -1.4556 0 0 1 1
1.00268 0 0.408539 0 1.00268 0.0506897 0 0 1 1
1.00095 0 -0.559448 0 1.00095 1.09793 0 0 1 1
0.999548 0 0.858063 0 0.999548 -0.488708 0 0 1 1
0.999852 0 0.307007 0 0.999852 -0.549286 0 0 1 1
1.00452 0 -2.31763 0 1.00452 -0.953186 0 0 1 1
1.00149 0 -0.708588 0 1.00149 3.76541 0 0 1 1
1.00021 0 -1.21503 0 1.00021 5.21249 0 0 1 1
1.00077 0 -2.57486 0 1.00077 4.37277 0 0 1 1
0.997801 0 -2.34576 0 0.997801 4.2384 0 0 1 1
1.00043 0 -0.49826 0 1.00043 0.373505 0 0 1 1
0.999125 0 1.01901 0 0.999125 0.44458 0 0 1 1
0.999439 0 0.662292 0 0.999439 -0.442627 0 0 1 1
1.0003 0 0.0756226 0 1.0003 -0.242645 0 0 1 1
0.999362 0 1.4129 0 0.999362 -1.35867 0 0 1 1
1.00069 0 0.898438 0 1.00069 -2.26288 0 0 1 1
0.9995 0 0.743744 0 0.9995 -1.11859 0 0 1 1
0.999259 0 1.93948 0 0.999259 -2.63235 0 0 1 1
1.00012 0 1.20306 0 1.00012 -1.4415 0 0 1 1
0.998994 0 0.947266 0 0.998994 -0.368408 0 0 1 1
0.999099 0 1.03763 0 0.999099 -1.39304 0 0 1 1
0.999916 0 0.447876 0 0.999916 -1.35049 0 0 1 1
0.998967 0 0.594452 0 0.998967 -0.727325 0 0 1 1
1.0003 0 -0.298004 0 1.0003 0.210632 0 0 1 1
1.00007 0 0.158081 0 1.00007 0.636475 0 0 1 1
0.999997 0 1.21689 0 0.999997 0.137115 0 0 1 1
0.997887 0 2.12457 0 0.997887 -0.812164 0 0 1 1
1.00077 0 1.07077 0 1.00077 -1.86356 0 0 1 1
1.00103 0 -0.376617 0 1.00103 0.0453491 0 0 1 1
0.999846 0 -0.216064 0 0.999846 0.481293 0 0 1 1
0.999637 0 0.53064 0 0.999637 0.698639 0 0 1 1
0.999337 0 1.23407 0 0.999337 -0.4086 0 0 1 1
1.001 0 0.493835 0 1.001 0.182587 0 0 1 1
0.999952 0 0.0505676 0 0.999952 0.52887 0 0 1 1
0.99995 0 -0.494446 0 0.99995 -0.255646 0 0 1 1
0.999836 0 0.438141 0 0.999836 0.68222 0 0 1 1
0.999201 0 -0.0153198 0 0.999201 1.06607 0 0 1 1
0.99967 0 -0.480835 0 0.99967 0.836884 0 0 1 1
1.00017 0 0.241119 0 1.00017 0.310516 0 0 1 1
0.999458 0 1.29077 0 0.999458 0.316284 0 0 1 1
1.00043 0 0.480591 0 1.00043 0.262939 0 0 1 1
0.999672 0 -0.195038 0 0.999672 0.434784 0 0 1 1
0.999069 0 -0.0259094 0 0.999069 0.0257874 0 0 1 1
1.00018 0 -0.399933 0 1.00018 -0.136658 0 0 1 1
1.00002 0 0.0906677 0 1.00002 0.418823 0 0 1 1
0.999428 0 0.188049 0 0.999428 0.468475 0 0 1 1
1.00028 0 -0.310303 0 1.00028 0.164246 0 0 1 1
0.999923 0 0.0380554 0 0.999923 0.345062 0 0 1 1
1.01757 0 -5.33743 0 1.01757 -5.00659 0 0 1 1
1.00051 0 -0.453979 0 1.00051 0.0493774 0 0 1 1
1.06468 0 -20.7956 0 1.06468 -13.3557 0 0 1 1
1.02066 0 -5.98862 0 1.02066 -6.90775 0 0 1 1
1.0176 0 -6.2659 0 1.0176 -5.97778 0 0 1 1
1.00023 0 1.58383 0 1.00023 -0.402283 0 0 1 1
1.04639 0 -13.5025 0 1.04639 -10.9204 0 0 1 1
1.0244 0 -6.29532 0 1.0244 -4.40109 0 0 1 1
0.999848 0 0.8461 0 0.999848 0.0472107 0 0 1 1
1.02751 0 -7.83447 0 1.02751 -8.00168 0 0 1 1
1.05187 0 -17.753 0 1.05187 -12.1749 0 0 1 1
1.0002 0 -0.377136 0 1.0002 0.112122 0 0 1 1
1.0196 0 -6.15027 0 1.0196 -6.46997 0 0 1 1
1.02932 0 -10.8963 0 1.02932 -6.43799 0 0 1 1
1.00127 0 0.186493 0 1.00127 -1.22073 0 0 1 1
1.05707 0 -15.3067 0 1.05707 -13.7676 0 0 1 1
1.0303 0 -9.71643 0 1.0303 -5.74377 0 0 1 1
0.99962 0 -1.12897 0 0.99962 0.135864 0 0 1 1
1.03037 0 -10.3645 0 1.03037 -8.17792 0 0 1 1
1.03104 0 -10.6421 0 1.03104 -8.53311 0 0 1 1
1.00004 0 2.12064 0 1.00004 -0.545715 0 0 1 1
1.03244 0 -7.60004 0 1.03244 -8.48593 0 0 1 1
1.0332 0 -9.36469 0 1.0332 -6.94232 0 0 1 1
1.00014 0 -0.375458 0 1.00014 -0.0756226 0 0 1 1
1.0721 0 -23.619 0 1.0721 -16.2312 0 0 1 1
1.03691 0 -13.6072 0 1.03691 -9.66248 0 0 1 1
0.999942 0 0.00540161 0 0.999942 -0.411072 0 0 1 1
1.03057 0 -9.88644 0 1.03057 -7.95224 0 0 1 1
1.09086 0 -27.4554 0 1.09086 -21.3745 0 0 1 1
0.999955 0 -0.297455 0 0.999955 -0.12384 0 0 1 1
1.04394 0 -16.5854 0 1.04394 -10.851 0 0 1 1
1.04516 0 -15.5255 0 1.04516 -11.0859 0 0 1 1
0.999717 0 -0.217346 0 0.999717 0.0968933 0 0 1 1
0.999231 0 0.332245 0 0.999231 -0.220917 0 0 1 1
1 0 0 0 1 0 0 0 1 0
1.00069 0 0.863129 0 1.00069 -0.0490417 0 0 1 1
0.999481 0 -0.0222778 0 0.999481 0.335785 0 0 1 1
1.00009 0 -0.530212 0 1.00009 -0.286285 0 0 1 1
0.999544 0 0.756104 0 0.999544 -0.943665 0 0 1 1
1.00056 0 0.563477 0 1.00056 -0.740906 0 0 1 1
0.999948 0 0.234985 0 0.999948 -0.0484924 0 0 1 1
1.00015 0 1.08264 0 1.00015 -0.349518 0 0 1 1
0.999591 0 0.15506 0 0.999591 -0.372681 0 0 1 1
1.00003 0 0.721741 0 1.00003 -2.09235 0 0 1 1
0.999884 0 1.72363 0 0.999884 -1.99274 0 0 1 1
1.00067 0 1.09723 0 1.00067 -1.00824 0 0 1 1
1.00003 0 0.440765 0 1.00003 0.168182 0 0 1 1
1.00006 0 -0.400208 0 1.00006 -0.216553 0 0 1 1
0.999481 0 1.44278 0 0.999481 0.0785828 0 0 1 1
1.00107 0 -0.242859 0 1.00107 -1.11099 0 0 1 1
0.998849 0 0.0671082 0 0.998849 -1.07184 0 0 1 1
0.999943 0 1.98599 0 0.999943 -1.9324 0 0 1 1
1.00003 0 1.39453 0 1.00003 -2.4736 0 0 1 1
1.00101 0 -1.30624 0 1.00101 -2.17184 0 0 1 1
0.999835 0 -1.02826 0 0.999835 -1.30576 0 0 1 1
0.999988 0 0.610382 0 0.999988 -0.706146 0 0 1 1
1.00004 0 0.0474243 0 1.00004 -0.749603 0 0 1 1
0.998932 0 0.62619 0 0.998932 -1.92041 0 0 1 1
1.00041 0 -0.27478 0 1.00041 -2.10715 0 0 1 1
0.999936 0 -0.376495 0 0.999936 -1.86584 0 0 1 1
1.00071 0 -0.345123 0 1.00071 -0.451782 0 0 1 1
0.999466 0 0.709808 0 0.999466 1.4393 0 0 1 1
0.999763 0 0.0384827 0 0.999763 -1.50699 0 0 1 1
1.00078 0 0.060791 0 1.00078 -0.884796 0 0 1 1
1.00013 0 -0.281219 0 1.00013 1.26645 0 0 1 1
0.999075 0 1.42743 0 0.999075 -0.0637817 0 0 1 1
0.998466 0 0.865997 0 0.998466 -2.78937 0 0 1 1
1.0026 0 -1.16876 0 1.0026 -1.92209 0 0 1 1
1.0006 0 -0.721375 0 1.0006 0.412872 0 0 1 1
0.99735 0 0.839233 0 0.99735 -0.266541 0 0 1 1
1.001 0 -0.651398 0 1.001 -2.94516 0 0 1 1
1.00186 0 -3.25549 0 1.00186 3.29358 0 0 1 1
0.999776 0 -2.76486 0 0.999776 6.20322 0 0 1 1
0.997984 0 -2.2066 0 0.997984 2.68723 0 0 1 1
0.999395 0 -0.869537 0 0.999395 -0.218201 0 0 1 1
1.00064 0 -3.52014 0 1.00064 0.509033 0 0 1 1
1.0002 0 -4.40573 0 1.0002 -0.186279 0 0 1 1
0.999514 0 -2.40485 0 0.999514 1.04175 0 0 1 1
0.998848 0 -0.0587769 0 0.998848 -0.517883 0 0 1 1
0.948195 0 14.8016 0 0.948195 10.6115 0 0 1 1
0.999188 0 -0.0942383 0 0.999188 -1.24292 0 0 1 1
1.00039 0 0.25 0 1.00039 -3.25485 0 0 1 1
1.00013 0 1.49249 0 1.00013 -2.03473 0 0 1 1
1.00095 0 0.680664 0 1.00095 -0.850159 0 0 1 1
1.00057 0 -1.35776 0 1.00057 1.35382 0 0 1 1
0.999589 0 -0.154266 0 0.999589 0.925598 0 0 1 1
0.999294 0 1.48242 0 0.999294 -0.64502 0 0 1 1
1.00054 0 0.493866 0 1.00054 -0.758667 0 0 1 1
0.999835 0 -0.421906 0 0.999835 0.800262 0 0 1 1
0.999622 0 -1.03601 0 0.999622 0.0620728 0 0 1 1
1.00013 0 0.221313 0 1.00013 -1.02609 0 0 1 1
1.00057 0 -0.0788574 0 1.00057 0.599854 0 0 1 1
0.999775 0 -0.0523071 0 0.999775 0.174683 0 0 1 1
1.00032 0 -1.39178 0 1.00032 0.542328 0 0 1 1
0.999303 0 -0.0166626 0 0.999303 -0.0351257 0 0 1 1
0.892271 0 35.6826 0 0.892271 21.9836 0 0 1 1
0.839888 0 53.8544 0 0.839888 37.9821 0 0 1 1
0.999595 0 -0.00518799 0 0.999595 0.880951 0 0 1 1
0.913697 0 26.5499 0 0.913697 19.9489 0 0 1 1
1.00207 0 -0.361786 0 1.00207 -2.15836 0 0 1 1
0.970854 0 7.65823 0 0.970854 7.73538 0 0 1 1
0.964242 0 12.3327 0 0.964242 9.37344 0 0 1 1
1.00005 0 0.88382 0 1.00005 0.344421 0 0 1 1
0.932804 0 20.7863 0 0.932804 15.4095 0 0 1 1
0.967697 0 9.50836 0 0.967697 6.45828 0 0 1 1
1.00008 0 -0.408783 0 1.00008 0.0172119 0 0 1 1
0.968783 0 9.44012 0 0.968783 8.07712 0 0 1 1
0.969826 0 10.425 0 0.969826 8.38663 0 0 1 1
1.00032 0 -0.333618 0 1.00032 0.669586 0 0 1 1
0.970113 0 8.65366 0 0.970113 8.15186 0 0 1 1
0.968169 0 9.78217 0 0.968169 6.12448 0 0 1 1
1.00014 0 -0.082489 0 1.00014 -0.0421143 0 0 1 1
0.945393 0 15.5504 0 0.945393 12.8761 0 0 1 1
0.969444 0 11.1856 0 0.969444 6.88245 0 0 1 1
1.00022 0 0.572266 0 1.00022 -0.0751648 0 0 1 1
0.980908 0 6.91266 0 0.980908 6.45624 0 0 1 1
1.00022 0 -0.593872 0 1.00022 -0.123627 0 0 1 1
1.00033 0 -0.845703 0 1.00033 0.105927 0 0 1 1
0.955134 0 14.3725 0 0.955134 10.2922 0 0 1 1
0.948582 0 15.3659 0 0.948582 12.1943 0 0 1 1
0.999942 0 0.0188904 0 0.999942 0.150726 0 0 1 1
0.955507 0 15.4353 0 0.955507 10.1386 0 0 1 1
0.982714 0 6.97476 0 0.982714 5.30356 0 0 1 1
0.999997 0 -0.437683 0 0.999997 -0.10733 0 0 1 1
0.981413 0 4.30368 0 0.981413 5.94254 0 0 1 1
0.958541 0 12.7009 0 0.958541 7.91336 0 0 1 1
0.999866 0 0.491455 0 0.999866 -0.127258 0 0 1 1
0.979613 0 7.17734 0 0.979613 5.00082 0 0 1 1
0.983164 0 6.1756 0 0.983164 3.87479 0 0 1 1
1.00022 0 0.451416 0 1.00022 -0.291748 0 0 1 1
1.00018 0 -0.279205 0 1.00018 0.0800476 0 0 1 1
1.00008 0 -0.425629 0 1.00008 0.337372 0 0 1 1
0.999988 0 -0.710999 0 0.999988 0.746155 0 0 1 1
0.999218 0 -0.367157 0 0.999218 0.0937805 0 0 1 1
0.999595 0 -0.165894 0 0.999595 -0.087738 0 0 1 1
1.00034 0 -0.54129 0 1.00034 0.477417 0 0 1 1
1.00055 0 -1.23688 0 1.00055 1.49463 0 0 1 1
0.996212 0 1.47601 0 0.996212 3.14041 0 0 1 1
0.998682 0 0.957062 0 0.998682 -0.226379 0 0 1 1
0.996247 0 1.66504 0 0.996247 -0.418549 0 0 1 1
0.999243 0 0.940857 0 0.999243 0.82312 0 0 1 1
0.998171 0 0.55658 0 0.998171 1.13876 0 0 1 1
0.999105 0 0.870605 0 0.999105 0.324677 0 0 1 1
0.999236 0 3.06332 0 0.999236 0.519958 0 0 1 1
1 0 0 0 1 0 0 0 1 0
1 0 0 0 1 0 0 0 1 0
1 0 0 0 1 0 0 0 1 0
1 0 0 0 1 0 0 0 1 0
1 0 0 0 1 0 0 0 1 0
1 0 0 0 1 0 0 0 1 0
1 0 0 0 1 0 0 0 1 0
1 0 0 0 1 0 0 0 1 0
1 0 0 0 1 0 0 0 1 0
0.998376 0 0.26355 0 0.998376 -6.34311 0 0 1 1
0.999422 0 -3.65128 0 0.999422 -0.282501 0 0 1 1
1.00012 0 -3.48337 0 1.00012 2.35889 0 0 1 1
0.998115 0 -0.984283 0 0.998115 1.09637 0 0 1 1
1 0 0 0 1 0 0 0 1 0
1.0009 0 -6.96588 0 1.0009 5.91879 0 0 1 1
1 0 0 0 1 0 0 0 1 0
1 0 0 0 1 0 0 0 1 0
1 0 0 0 1 0 0 0 1 0
1 0 0 0 1 0 0 0 1 0
1 0 0 0 1 0 0 0 1 0
1 0 0 0 1 0 0 0 1 0
1 0 0 0 1 0 0 0 1 0
1 0 0 0 1 0 0 0 1 0
1 0 0 0 1 0 0 0 1 0
1 0 0 0 1 0 0 0 1 0
1 0 0 0 1 0 0 0 1 0
1.01687 0 -30.4496 0 1.01687 -1.53131 0 0 1 1
1 0 0 0 1 0 0 0 1 0
1 0 0 0 1 0 0 0 1 0
1 0 0 0 1 0 0 0 1 0
1 0 0 0 1 0 0 0 1 0
1 0 0 0 1 0 0 0 1 0
1 0 0 0 1 0 0 0 1 0
1 0 0 0 1 0 0 0 1 0
1 0 0 0 1 0 0 0 1 0
0.985711 0 23.9026 0 0.985711 16.2623 0 0 1 1
0.995716 0 24.6999 0 0.995716 13.3611 0 0 1 1
1 0 0 0 1 0 0 0 1 0
1 0 0 0 1 0 0 0 1 0
1 0 0 0 1 0 0 0 1 0
1 0 0 0 1 0 0 0 1 0
1 0 0 0 1 0 0 0 1 0
1 0 0 0 1 0 0 0 1 0
1 0 0 0 1 0 0 0 1 0
1 0 0 0 1 0 0 0 1 0
1 0 0 0 1 0 0 0 1 0
1 0 0 0 1 0 0 0 1 0
1 0 0 0 1 0 0 0 1 0
1.00424 0 -26.1399 0 1.00424 5.74736 0 0 1 1
0.97469 0 -16.1484 0 0.97469 17.1893 0 0 1 1
1 0 0 0 1 0 0 0 1 0
1 0 0 0 1 0 0 0 1 0
1 0 0 0 1 0 0 0 1 0
1 0 0 0 1 0 0 0 1 0
0.98998 0 -11.1518 0 0.98998 8.30721 0 0 1 1
0.990093 0 -16.776 0 0.990093 7.93277 0 0 1 1
1 0 0 0 1 0 0 0 1 0
1 0 0 0 1 0 0 0 1 0
1 0 0 0 1 0 0 0 1 0
1 0 0 0 1 0 0 0 1 0
1 0 0 0 1 0 0 0 1 0
1 0 0 0 1 0 0 0 1 0
1 0 0 0 1 0 0 0 1 0
1 0 0 0 1 0 0 0 1 0
1 0 0 0 1 0 0 0 1 0
1 0 0 0 1 0 0 0 1 0
1 0 0 0 1 0 0 0 1 0
1 0 0 0 1 0 0 0 1 0
0.988803 0 16.6118 0 0.988803 5.68475 0 0 1 1
0.981593 0 26.4431 0 0.981593 11.6885 0 0 1 1
0.97345 0 39.8512 0 0.97345 17 0 0 1 1
1 0 0 0 1 0 0 0 1 0
1 0 0 0 1 0 0 0 1 0
1 0 0 0 1 0 0 0 1 0
1 0 0 0 1 0 0 0 1 0
1 0 0 0 1 0 0 0 1 0
1 0 0 0 1 0 0 0 1 0
1 0 0 0 1 0 0 0 1 0
1 0 0 0 1 0 0 0 1 0
1 0 0 0 1 0 0 0 1 0
1 0 0 0 1 0 0 0 1 0
1 0 0 0 1 0 0 0 1 0
1 0 0 0 1 0 0 0 1 0
1.00745 0 -4.76562 0 1.00745 1.59882 0 0 1 1
1.01213 0 -23.9923 0 1.01213 -2.84507 0 0 1 1
0.999247 0 -26.4571 0 0.999247 14.8867 0 0 1 1
0.993407 0 -26.0048 0 0.993407 22.8161 0 0 1 1
1 0 0 0 1 0 0 0 1 0
1 0 0 0 1 0 0 0 1 0
1 0 0 0 1 0 0 0 1 0
1 0 0 0 1 0 0 0 1 0
1 0 0 0 1 0 0 0 1 0
1 0 0 0 1 0 0 0 1 0
1 0 0 0 1 0 0 0 1 0
1 0 0 0 1 0 0 0 1 0
1 0 0 0 1 0 0 0 1 0
1 0 0 0 1 0 0 0 1 0
0.975584 0 16.785 0 0.975584 8.18076 0 0 1 1
1.01108 0 19.2943 0 1.01108 -4.77448 0 0 1 1
1 0 0 0 1 0 0 0 1 0
1 0 0 0 1 0 0 0 1 0
1 0 0 0 1 0 0 0 1 0
1 0 0 0 1 0 0 0 1 0
1 0 0 0 1 0 0 0 1 0
0.995214 0 23.1124 0 0.995214 -0.688141 0 0 1 1
1.00522 0 13.1956 0 1.00522 -3.63718 0 0 1 1
1 0 0 0 1 0 0 0 1 0
1 0 0 0 1 0 0 0 1 0
0.981433 0 0.993073 0 0.981433 8.03278 0 0 1 1
0.995075 0 -4.09381 0 0.995075 -2.66525 0 0 1 1
0.995642 0 0.844025 0 0.995642 -9.6454 0 0 1 1
1 0 0 0 1 0 0 0 1 0
0.976833 0 17.3472 0 0.976833 -18.6487 0 0 1 1
0.999515 0 8.47153 0 0.999515 -25.6126 0 0 1 1
1.00815 0 2.86322 0 1.00815 -22.371 0 0 1 1
1.00846 0 -2.54276 0 1.00846 -14.2466 0 0 1 1
0.999852 0 0.548737 0 0.999852 -3.61024 0 0 1 1
1.00474 0 -5.51712 0 1.00474 4.47141 0 0 1 1
1.00386 0 -8.30423 0 1.00386 15.1042 0 0 1 1
1.00574 0 -8.9942 0 1.00574 23.2829 0 0 1 1
1 0 0 0 1 0 0 0 1 0
1 0 0 0 1 0 0 0 1 0
1 0 0 0 1 0 0 0 1 0
1.00954 0 -5.53415 0 1.00954 34.4428 0 0 1 1
1.0055 0 -9.67569 0 1.0055 32.9449 0 0 1 1
1.00733 0 -14.2351 0 1.00733 29.1258 0 0 1 1
1 0 0 0 1 0 0 0 1 0
1.00463 0 -7.18038 0 1.00463 25.4229 0 0 1 1
1.00719 0 -5.60716 0 1.00719 12.9617 0 0 1 1
0.9866 0 2.3862 0 0.9866 14.4158 0 0 1 1
0.984646 0 5.3288 0 0.984646 6.75998 0 0 1 1
0.992859 0 0.782776 0 0.992859 -1.64774 0 0 1 1
0.992863 0 1.56354 0 0.992863 -7.96001 0 0 1 1
0.996896 0 2.1297 0 0.996896 -15.0503 0 0 1 1
0.987683 0 4.57077 0 0.987683 -19.3957 0 0 1 1
0.987866 0 0.199738 0 0.987866 -22.797 0 0 1 1
0.987104 0 4.96158 0 0.987104 -22.5568 0 0 1 1
0.998643 0 5.44275 0 0.998643 -33.9449 0 0 1 1
0.984016 0 22.0576 0 0.984016 -32.8103 0 0 1 1
1 0 0 0 1 0 0 0 1 0
1 0 0 0 1 0 0 0 1 0
1.0058 0 6.77255 0 1.0058 -26.5593 0 0 1 1
1.02009 0 -9.71857 0 1.02009 -20.3114 0 0 1 1
1 0 0 0 1 0 0 0 1 0
1.00971 0 -8.71017 0 1.00971 -2.66985 0 0 1 1
1.00668 0 -3.00879 0 1.00668 9.19498 0 0 1 1
1 0 0 0 1 0 0 0 1 0
0.999842 0 -3.57553 0 0.999842 30.5524 0 0 1 1
1.00055 0 -7.13184 0 1.00055 29.2898 0 0 1 1
1.0202 0 -13.2324 0 1.0202 24.7826 0 0 1 1
1.00543 0 -6.6015 0 1.00543 32.2065 0 0 1 1
1.00691 0 -10.267 0 1.00691 31.5257 0 0 1 1
1.02259 0 -21.161 0 1.02259 28.0128 0 0 1 1
1.01265 0 -18.8084 0 1.01265 23.5332 0 0 1 1
1.01195 0 -14.9409 0 1.01195 18.5678 0 0 1 1
1.0005 0 -9.78482 0 1.0005 17.9754 0 0 1 1
0.996284 0 -3.27249 0 0.996284 9.44943 0 0 1 1
0.985111 0 5.73615 0 0.985111 3.82922 0 0 1 1
0.989967 0 3.70874 0 0.989967 -3.93315 0 0 1 1
0.994669 0 4.4906 0 0.994669 -10.9446 0 0 1 1
0.994446 0 3.52625 0 0.994446 -18.3484 0 0 1 1
0.990041 0 7.04099 0 0.990041 -20.2034 0 0 1 1
0.992826 0 5.16589 0 0.992826 -23.8375 0 0 1 1
0.985239 0 8.32526 0 0.985239 -20.2953 0 0 1 1
0.994259 0 5.608 0 0.994259 -21.4727 0 0 1 1
1.00021 0 0.399414 0 1.00021 -20.027 0 0 1 1
0.995867 0 -3.07916 0 0.995867 -10.827 0 0 1 1
0.996911 0 -4.75369 0 0.996911 -5.94678 0 0 1 1
0.998769 0 -6.25107 0 0.998769 -2.61093 0 0 1 1
0.99744 0 -7.1499 0 0.99744 1.29935 0 0 1 1
1.00091 0 -6.79153 0 1.00091 2.09824 0 0 1 1
0.999897 0 -0.985565 0 0.999897 2.70218 0 0 1 1
1.01485 0 3.61981 0 1.01485 0.361786 0 0 1 1
1.00746 0 12.8777 0 1.00746 4.60995 0 0 1 1
1.01387 0 11.6541 0 1.01387 2.57938 0 0 1 1
1.0137 0 9.74295 0 1.0137 2.08798 0 0 1 1
1.00614 0 13.631 0 1.00614 6.2688 0 0 1 1
1.00439 0 19.7029 0 1.00439 7.56393 0 0 1 1
1.0042 0 17.2249 0 1.0042 -0.618958 0 0 1 1
1.01674 0 13.2164 0 1.01674 -4.20355 0 0 1 1
0.995654 0 27.8209 0 0.995654 1.29852 0 0 1 1
0.995034 0 34.5681 0 0.995034 -3.93832 0 0 1 1
1.0035 0 17.093 0 1.0035 -10.2383 0 0 1 1
1.0215 0 -17.858 0 1.0215 -15.209 0 0 1 1
1.0043 0 -28.8732 0 1.0043 -4.13754 0 0 1 1
0.997392 0 -29.7855 0 0.997392 5.68704 0 0 1 1
0.986005 0 -21.4509 0 0.986005 8.24005 0 0 1 1
0.986851 0 -17.8989 0 0.986851 3.15012 0 0 1 1
0.988134 0 -17.5789 0 0.988134 -0.946777 0 0 1 1
1.00252 0 -25.604 0 1.00252 -4.25928 0 0 1 1
0.992472 0 -22.1541 0 0.992472 1.02213 0 0 1 1
1 0 0 0 1 0 0 0 1 0
1.0046 0 -28.8423 0 1.0046 -2.86157 0 0 1 1
0.976133 0 -20.2186 0 0.976133 9.22818 0 0 1 1
1.00932 0 -25.5192 0 1.00932 -0.985535 0 0 1 1
1 0 0 0 1 0 0 0 1 0
0.989655 0 -15.3452 0 0.989655 3.42126 0 0 1 1
1.00225 0 -12.4434 0 1.00225 -1.59674 0 0 1 1
1.00044 0 -3.59731 0 1.00044 0.159943 0 0 1 1
0.993847 0 6.51666 0 0.993847 0.82135 0 0 1 1
0.99652 0 11.5384 0 0.99652 -1.64398 0 0 1 1
1.0011 0 12.4786 0 1.0011 0.159332 0 0 1 1
0.989892 0 17.849 0 0.989892 1.72241 0 0 1 1
1.01595 0 15.0544 0 1.01595 -2.04852 0 0 1 1
1.00249 0 26.2851 0 1.00249 -2.68619 0 0 1 1
1.02465 0 21.8635 0 1.02465 -8.2764 0 0 1 1
0.992041 0 33.531 0 0.992041 -2.69073 0 0 1 1
1.00529 0 31.7068 0 1.00529 -7.48203 0 0 1 1
1 0 0 0 1 0 0 0 1 0
1 0 0 0 1 0 0 0 1 0
1 0 0 0 1 0 0 0 1 0
1 0 0 0 1 0 0 0 1 0
1.00232 0 0.898895 0 1.00232 -0.564087 0 0 1 1
0.997696 0 -5.04059 0 0.997696 0.632751 0 0 1 1
0.998082 0 -8.44153 0 0.998082 1.07111 0 0 1 1
0.994859 0 -11.2299 0 0.994859 2.85535 0 0 1 1
0.994227 0 -13.7453 0 0.994227 3.89648 0 0 1 1
0.987916 0 -10.897 0 0.987916 4.2225 0 0 1 1
0.98507 0 -11.5742 0 0.98507 4.30878 0 0 1 1
0.997801 0 -17.7265 0 0.997801 1.19727 0 0 1 1
0.997521 0 -20.6306 0 0.997521 -0.277435 0 0 1 1
1.00544 0 -22.9729 0 1.00544 -3.22986 0 0 1 1
0.996364 0 -20.225 0 0.996364 1.6022 0 0 1 1
1.00084 0 -17.831 0 1.00084 3.68549 0 0 1 1
0.997824 0 -14.5654 0 0.997824 2.19351 0 0 1 1
0.991377 0 -10.2846 0 0.991377 2.15378 0 0 1 1
0.997371 0 -7.80249 0 0.997371 0.60083 0 0 1 1
0.999952 0 -5.42453 0 0.999952 -0.477173 0 0 1 1
0.999522 0 -2.95227 0 0.999522 -0.149628 0 0 1 1
0.99957 0 -1.04639 0 0.99957 0.0837097 0 0 1 1
0.997139 0 2.5479 0 0.997139 1.11057 0 0 1 1
0.998917 0 6.80588 0 0.998917 -0.507019 0 0 1 1
1.00041 0 10.6626 0 1.00041 -1.56204 0 0 1 1
1.00113 0 10.6601 0 1.00113 -3.07346 0 0 1 1
1.00382 0 9.05392 0 1.00382 -4.6539 0 0 1 1
1.00471 0 6.52335 0 1.00471 -3.68201 0 0 1 1
