1.00038 -0.00258766 0.334686 0.00258766 1.00038 -1.09274 0 0 1 1
0.999863 -0.00251311 0.70459 0.00251311 0.999863 -0.755981 0 0 1 1
0.999741 -0.0023415 1.12213 0.0023415 0.999741 -0.644989 0 0 1 1
1.00026 -0.00320056 1.38681 0.00320056 1.00026 -1.46478 0 0 1 1
1.00057 -0.00410187 1.30115 0.00410187 1.00057 -1.53656 0 0 1 1
1.00007 -0.00408709 1.08481 0.00408709 1.00007 -1.2005 0 0 1 1
0.999701 -0.0034321 0.556152 0.0034321 0.999701 -0.945404 0 0 1 1
0.999651 -0.00261357 0.295868 0.00261357 0.999651 -0.779968 0 0 1 1
0.99983 -0.00244307 0.603516 0.00244307 0.99983 -0.952393 0 0 1 1
0.999968 -0.00319192 0.91803 0.00319192 0.999968 -1.35327 0 0 1 1
1.00005 -0.00372111 1.20828 0.00372111 1.00005 -1.43381 0 0 1 1
0.999978 -0.00458268 1.37198 0.00458268 0.999978 -1.80392 0 0 1 1
0.999831 -0.00530827 1.29083 0.00530827 0.999831 -2.07416 0 0 1 1
0.999953 -0.00534467 1.47986 0.00534467 0.999953 -2.01587 0 0 1 1
0.999979 -0.0049696 1.13339 0.0049696 0.999979 -1.91858 0 0 1 1
0.999551 -0.00415277 1.04663 0.00415277 0.999551 -1.58636 0 0 1 1
1.00007 -0.00374691 0.981079 0.00374691 1.00007 -1.63806 0 0 1 1
0.999756 -0.00420737 1.31516 0.00420737 0.999756 -1.70398 0 0 1 1
1.00003 -0.00420479 1.23309 0.00420479 1.00003 -1.88538 0 0 1 1
1.00019 -0.00471853 1.34647 0.00471853 1.00019 -1.97549 0 0 1 1
1.0001 -0.00551545 1.44147 0.00551545 1.0001 -2.17804 0 0 1 1
0.999694 -0.00559861 1.11398 0.00559861 0.999694 -2.21619 0 0 1 1
0.999911 -0.00578679 0.828857 0.00578679 0.999911 -2.37634 0 0 1 1
0.999737 -0.0064606 0.728973 0.0064606 0.999737 -2.62711 0 0 1 1
0.999575 -0.00582787 0.824188 0.00582787 0.999575 -2.14746 0 0 1 1
1.00006 -0.00576103 0.934265 0.00576103 1.00006 -2.24149 0 0 1 1
0.9999 -0.00630135 0.85318 0.00630135 0.9999 -2.19336 0 0 1 1
0.999775 -0.00568576 0.554504 0.00568576 0.999775 -1.83789 0 0 1 1
0.999738 -0.0050531 0.703186 0.0050531 0.999738 -1.55783 0 0 1 1
0.999917 -0.0047375 0.747437 0.0047375 0.999917 -1.43445 0 0 1 1
0.99962 -0.00393366 0.867676 0.00393366 0.99962 -0.994598 0 0 1 1
0.99958 -0.00415321 0.805115 0.00415321 0.99958 -1.68735 0 0 1 1
0.999473 -0.00415909 0.61673 0.00415909 0.999473 -2.05887 0 0 1 1
1.00021 -0.00395415 0.194122 0.00395415 1.00021 -1.85834 0 0 1 1
0.999628 -0.00423694 0.273041 0.00423694 0.999628 -1.543 0 0 1 1
0.999307 -0.00452667 0.663147 0.00452667 0.999307 -1.87885 0 0 1 1
0.999752 -0.00523842 0.941406 0.00523842 0.999752 -2.2941 0 0 1 1
1.0003 -0.00442551 0.819763 0.00442551 1.0003 -1.7858 0 0 1 1
0.99973 -0.00410839 0.923645 0.00410839 0.99973 -1.17725 0 0 1 1
0.999646 -0.00415138 0.868042 0.00415138 0.999646 -1.54099 0 0 1 1
1.00003 -0.00455471 0.648315 0.00455471 1.00003 -1.60605 0 0 1 1
0.999471 -0.00470267 0.69986 0.00470267 0.999471 -1.56009 0 0 1 1
0.999615 -0.00538714 0.612976 0.00538714 0.999615 -2.12173 0 0 1 1
1.00001 -0.0049398 0.152557 0.0049398 1.00001 -1.72504 0 0 1 1
0.999933 -0.00491835 -0.237915 0.00491835 0.999933 -1.26028 0 0 1 1
0.999274 -0.0046525 -0.120239 0.0046525 0.999274 -1.20117 0 0 1 1
0.999394 -0.00446261 0.537781 0.00446261 0.999394 -1.39178 0 0 1 1
0.999835 -0.00505223 0.979614 0.00505223 0.999835 -1.66696 0 0 1 1
1.00001 -0.00554198 1.2366 0.00554198 1.00001 -1.67685 0 0 1 1
0.999485 -0.00646206 1.24561 0.00646206 0.999485 -1.95932 0 0 1 1
0.999428 -0.00671917 1.53235 0.00671917 0.999428 -2.69327 0 0 1 1
0.999661 -0.00668447 1.51712 0.00668447 0.999661 -2.63083 0 0 1 1
0.999981 -0.00669704 1.21936 0.00669704 0.999981 -2.64355 0 0 1 1
0.999951 -0.00766205 1.13715 0.00766205 0.999951 -2.75677 0 0 1 1
0.999682 -0.00859897 1.12335 0.00859897 0.999682 -2.89282 0 0 1 1
0.999841 -0.00835333 1.13889 0.00835333 0.999841 -2.58978 0 0 1 1
0.9996 -0.00724056 1.23706 0.00724056 0.9996 -2.18256 0 0 1 1
0.999905 -0.00624263 0.941315 0.00624263 0.999905 -1.7688 0 0 1 1
0.999661 -0.0059368 1.23749 0.0059368 0.999661 -1.60901 0 0 1 1
0.999867 -0.00574545 1.36069 0.00574545 0.999867 -1.95255 0 0 1 1
1.00043 -0.00534073 0.704468 0.00534073 1.00043 -1.31818 0 0 1 1
0.999715 -0.00493169 1.08975 0.00493169 0.999715 -1.04477 0 0 1 1
0.999721 -0.00610085 1.8093 0.00610085 0.999721 -1.7746 0 0 1 1
1.00071 -0.00666852 1.18231 0.00666852 1.00071 -2.26416 0 0 1 1
0.999773 -0.0071184 0.769165 0.0071184 0.999773 -2.05792 0 0 1 1
0.999426 -0.00567557 -0.318512 0.00567557 0.999426 -2.04056 0 0 1 1
0.999238 -0.00506974 -0.0238342 0.00506974 0.999238 -1.94366 0 0 1 1
0.999665 -0.00502189 0.428284 0.00502189 0.999665 -2.3446 0 0 1 1
1.00018 -0.00490154 0.816254 0.00490154 1.00018 -2.10977 0 0 1 1
1.00042 -0.00695576 0.992218 0.00695576 1.00042 -2.28931 0 0 1 1
0.999868 -0.00677069 0.911438 0.00677069 0.999868 -1.99634 0 0 1 1
1.00016 -0.00731234 0.560486 0.00731234 1.00016 -2.24796 0 0 1 1
1.00024 -0.00726029 0.727264 0.00726029 1.00024 -2.07013 0 0 1 1
0.999508 -0.00875158 2.2886 0.00875158 0.999508 -2.98254 0 0 1 1
0.999918 -0.00978412 2.94608 0.00978412 0.999918 -3.99344 0 0 1 1
1.00039 -0.0104321 2.90771 0.0104321 1.00039 -3.90195 0 0 1 1
1.00121 -0.0110284 1.30508 0.0110284 1.00121 -3.11951 0 0 1 1
1.00052 -0.0112601 0.965942 0.0112601 1.00052 -1.94705 0 0 1 1
1.00021 -0.0116896 1.30554 0.0116896 1.00021 -2.00827 0 0 1 1
1.00035 -0.0114992 1.26627 0.0114992 1.00035 -2.07455 0 0 1 1
1.00066 -0.0121014 2.27603 0.0121014 1.00066 -2.50638 0 0 1 1
0.999934 -0.0138606 3.34811 0.0138606 0.999934 -3.3598 0 0 1 1
1.00003 -0.0170105 4.37344 0.0170105 1.00003 -4.34555 0 0 1 1
0.999755 -0.0189966 5.26932 0.0189966 0.999755 -5.82269 0 0 1 1
0.999928 -0.0202708 5.79297 0.0202708 0.999928 -6.50076 0 0 1 1
0.999918 -0.0178401 4.23618 0.0178401 0.999918 -5.03604 0 0 1 1
0.999549 -0.0172525 2.72174 0.0172525 0.999549 -4.31613 0 0 1 1
0.999683 -0.0175491 1.9361 0.0175491 0.999683 -4.54382 0 0 1 1
0.999563 -0.0169362 2.3826 0.0169362 0.999563 -5.09467 0 0 1 1
1.00001 -0.0165527 3.81454 0.0165527 1.00001 -6.33258 0 0 1 1
0.99906 -0.0178484 6.00171 0.0178484 0.99906 -7.71341 0 0 1 1
0.999802 -0.0170049 5.17688 0.0170049 0.999802 -6.76367 0 0 1 1
1.00003 -0.0153887 4.25406 0.0153887 1.00003 -5.27515 0 0 1 1
0.999438 -0.0148132 3.69983 0.0148132 0.999438 -5.03174 0 0 1 1
0.999661 -0.0154845 3.03903 0.0154845 0.999661 -5.32742 0 0 1 1
1.00002 -0.0159618 2.19775 0.0159618 1.00002 -4.53766 0 0 1 1
1.00043 -0.0152775 1.04819 0.0152775 1.00043 -3.71777 0 0 1 1
1.00004 -0.0149673 2.0101 0.0149673 1.00004 -4.01694 0 0 1 1
0.999558 -0.0153567 2.81961 0.0153567 0.999558 -4.78815 0 0 1 1
0.99946 -0.016379 3.23349 0.016379 0.99946 -5.59393 0 0 1 1
0.999289 -0.01737 3.29056 0.01737 0.999289 -6.27853 0 0 1 1
0.998729 -0.0176616 3.3476 0.0176616 0.998729 -6.95316 0 0 1 1
0.99773 -0.0196161 3.3761 0.0196161 0.99773 -7.88995 0 0 1 1
0.999734 -0.0199419 2.02066 0.0199419 0.999734 -7.75375 0 0 1 1
1 -0.0217694 2.33746 0.0217694 1 -7.60916 0 0 1 1
0.999259 -0.0217113 3.48889 0.0217113 0.999259 -7.64923 0 0 1 1
0.999078 -0.024233 4.70184 0.024233 0.999078 -9.39566 0 0 1 1
1.00007 -0.025982 4.68848 0.025982 1.00007 -9.56204 0 0 1 1
0.998006 -0.0242169 5.00031 0.0242169 0.998006 -8.62521 0 0 1 1
0.997785 -0.0266278 5.14209 0.0266278 0.997785 -10.9424 0 0 1 1
0.99912 -0.0269129 4.67648 0.0269129 0.99912 -11.6568 0 0 1 1
1.00146 -0.0236191 4.04391 0.0236191 1.00146 -10.4447 0 0 1 1
1.00013 -0.0203442 4.18515 0.0203442 1.00013 -7.71423 0 0 1 1
0.998987 -0.0199843 4.07236 0.0199843 0.998987 -7.28467 0 0 1 1
0.999935 -0.0166745 2.01105 0.0166745 0.999935 -6.41907 0 0 1 1
1.00019 -0.0152079 2.1868 0.0152079 1.00019 -6.06931 0 0 1 1
1.00027 -0.01275 1.05704 0.01275 1.00027 -4.74197 0 0 1 1
0.999603 -0.0115177 1.38107 0.0115177 0.999603 -4.40341 0 0 1 1
0.999007 -0.0116862 1.62549 0.0116862 0.999007 -5.03619 0 0 1 1
1.00044 -0.0116784 0.886902 0.0116784 1.00044 -5.55841 0 0 1 1
1.00056 -0.00903858 0.404388 0.00903858 1.00056 -3.22708 0 0 1 1
1.00084 -0.00697755 0.498993 0.00697755 1.00084 -2.04153 0 0 1 1
0.999847 -0.00639228 1.58154 0.00639228 0.999847 -1.68707 0 0 1 1
1.00071 -0.00649265 1.66257 0.00649265 1.00071 -1.83337 0 0 1 1
0.999483 -0.00635239 2.67038 0.00635239 0.999483 -1.40384 0 0 1 1
0.999392 -0.0064036 2.7547 0.0064036 0.999392 -2.07556 0 0 1 1
0.999891 -0.00628787 2.52475 0.00628787 0.999891 -2.09683 0 0 1 1
0.998831 -0.00652531 1.80844 0.00652531 0.998831 -2.02603 0 0 1 1
1.00048 -0.00611629 -0.122803 0.00611629 1.00048 -1.79883 0 0 1 1
0.999901 -0.00514904 -0.568604 0.00514904 0.999901 -1.23895 0 0 1 1
1.0002 -0.00531825 -0.732056 0.00531825 1.0002 -1.40686 0 0 1 1
1.00028 -0.00342829 -1.49951 0.00342829 1.00028 -1.10693 0 0 1 1
1.00013 -0.00296437 -0.982117 0.00296437 1.00013 -1.28967 0 0 1 1
1.00031 -0.00225406 -1.15448 0.00225406 1.00031 -0.922607 0 0 1 1
1.00028 -0.00161823 -1.30112 0.00161823 1.00028 -0.540405 0 0 1 1
1.00026 -0.0015709 -1.0849 0.0015709 1.00026 -0.483124 0 0 1 1
0.999617 -0.00149929 -1.14819 0.00149929 0.999617 -0.521942 0 0 1 1
1.00042 0.000855272 -1.6665 -0.000855272 1.00042 -0.454834 0 0 1 1
0.99989 -0.000618545 -1.12885 0.000618545 0.99989 -0.620789 0 0 1 1
1.00037 0.000208535 -1.47421 -0.000208535 1.00037 -0.379395 0 0 1 1
0.999924 0.00067713 -1.05017 -0.00067713 0.999924 -0.197296 0 0 1 1
1.00117 0.00145981 -0.77829 -0.00145981 1.00117 0.17569 0 0 1 1
1.00014 0.00204767 0.251343 -0.00204767 1.00014 1.0282 0 0 1 1
0.999479 0.000265633 2.30273 -0.000265633 0.999479 0.211578 0 0 1 1
0.999264 -0.00238212 2.86861 0.00238212 0.999264 -0.12854 0 0 1 1
0.999503 -0.00305279 2.19666 0.00305279 0.999503 -0.333038 0 0 1 1
0.9991 -0.0052087 1.71167 0.0052087 0.9991 -0.863037 0 0 1 1
0.999557 -0.00354998 -0.0203857 0.00354998 0.999557 -0.672699 0 0 1 1
0.999689 -0.0025118 -0.421692 0.0025118 0.999689 -0.853027 0 0 1 1
0.999942 -0.00047531 -1.31381 0.00047531 0.999942 -0.540924 0 0 1 1
1.00083 0.00223086 -2.02737 -0.00223086 1.00083 -0.0248108 0 0 1 1
0.999854 0.00323119 -1.64618 -0.00323119 0.999854 0.55368 0 0 1 1
1.00019 0.00437648 -1.67365 -0.00437648 1.00019 0.618866 0 0 1 1
0.999596 0.00491011 -1.12866 -0.00491011 0.999596 0.921234 0 0 1 1
0.999662 0.004531 -0.734924 -0.004531 0.999662 0.513306 0 0 1 1
1.00031 0.00530361 -0.838623 -0.00530361 1.00031 0.67688 0 0 1 1
1.00011 0.00515693 -0.609314 -0.00515693 1.00011 1.39148 0 0 1 1
1.00044 0.0073571 -2.13779 -0.0073571 1.00044 2.51382 0 0 1 1
1.00065 0.00883894 -2.80176 -0.00883894 1.00065 3.33072 0 0 1 1
1.00038 0.0081922 -2.50101 -0.0081922 1.00038 3.43268 0 0 1 1
1.00028 0.00815098 -2.10419 -0.00815098 1.00028 3.07111 0 0 1 1
1.00009 0.00659254 -0.864655 -0.00659254 1.00009 2.08847 0 0 1 1
1.00022 0.00504881 -0.0641479 -0.00504881 1.00022 1.66434 0 0 1 1
0.999594 0.00406872 0.0500183 -0.00406872 0.999594 1.18442 0 0 1 1
0.999889 0.00327525 -0.689026 -0.00327525 0.999889 0.811279 0 0 1 1
1.00029 0.0048107 -1.8511 -0.0048107 1.00029 1.67157 0 0 1 1
1.00003 0.00616614 -2.48932 -0.00616614 1.00003 2.18576 0 0 1 1
1.00022 0.00747115 -2.88498 -0.00747115 1.00022 2.61722 0 0 1 1
1.00015 0.00936675 -2.87073 -0.00936675 1.00015 3.17572 0 0 1 1
0.999838 0.00945312 -1.8941 -0.00945312 0.999838 3.11606 0 0 1 1
1.00024 0.00968095 -1.29086 -0.00968095 1.00024 2.85153 0 0 1 1
0.999882 0.0115128 -0.843658 -0.0115128 0.999882 3.56577 0 0 1 1
0.999736 0.0116267 -1.28369 -0.0116267 0.999736 3.74033 0 0 1 1
0.998309 0.00856292 -2.15402 -0.00856292 0.998309 3.25674 0 0 1 1
0.99996 0.00789016 -3.50348 -0.00789016 0.99996 2.80521 0 0 1 1
1.00019 0.00860399 -3.80801 -0.00860399 1.00019 3.11374 0 0 1 1
1.00001 0.00901982 -3.15631 -0.00901982 1.00001 3.84573 0 0 1 1
0.999724 0.00806865 -2.4447 -0.00806865 0.999724 3.33099 0 0 1 1
1.00021 0.00668138 -2.21008 -0.00668138 1.00021 3.06989 0 0 1 1
0.999519 0.00535395 -1.72736 -0.00535395 0.999519 2.70554 0 0 1 1
1.00017 0.00500803 -1.8017 -0.00500803 1.00017 2.19202 0 0 1 1
0.999894 0.00518087 -0.990387 -0.00518087 0.999894 2.28366 0 0 1 1
0.999535 0.00412985 -0.715942 -0.00412985 0.999535 1.93353 0 0 1 1
1.00027 0.00524866 -1.6644 -0.00524866 1.00027 2.47714 0 0 1 1
0.999965 0.00629733 -0.972046 -0.00629733 0.999965 2.94797 0 0 1 1
0.999727 0.00606531 -0.116241 -0.00606531 0.999727 2.61835 0 0 1 1
0.999863 0.00670139 0.654419 -0.00670139 0.999863 2.51776 0 0 1 1
1.00183 0.0086533 0.169769 -0.0086533 1.00183 3.23105 0 0 1 1
0.998955 0.00760737 1.59265 -0.00760737 0.998955 4.13358 0 0 1 1
0.998681 0.00731608 0.0859375 -0.00731608 0.998681 4.39615 0 0 1 1
1.00024 0.00786473 -1.1658 -0.00786473 1.00024 3.34286 0 0 1 1
1.00028 0.00849237 -0.726562 -0.00849237 1.00028 3.52972 0 0 1 1
1.00023 0.00703741 0.191956 -0.00703741 1.00023 2.53104 0 0 1 1
0.99926 0.00649537 0.456543 -0.00649537 0.99926 2.59329 0 0 1 1
0.998945 0.00550744 -0.802429 -0.00550744 0.998945 2.10437 0 0 1 1
1.00114 0.00709371 -2.35492 -0.00709371 1.00114 2.50702 0 0 1 1
1.00139 0.00847564 -2.64471 -0.00847564 1.00139 4.46106 0 0 1 1
1.00008 0.011192 -2.34268 -0.011192 1.00008 5.19699 0 0 1 1
1.00012 0.0123674 -2.05536 -0.0123674 1.00012 4.08478 0 0 1 1
0.999968 0.0127553 -1.51077 -0.0127553 0.999968 4.52246 0 0 1 1
1.00046 0.0108283 -1.91681 -0.0108283 1.00046 4.97281 0 0 1 1
1.00015 0.0118902 -2.58099 -0.0118902 1.00015 5.65775 0 0 1 1
0.999343 0.0104607 -2.70901 -0.0104607 0.999343 4.48419 0 0 1 1
0.99953 0.0104058 -3.62204 -0.0104058 0.99953 3.53531 0 0 1 1
0.999749 0.00994362 -4.09305 -0.00994362 0.999749 2.21259 0 0 1 1
1.00008 0.00934089 -3.46631 -0.00934089 1.00008 2.88281 0 0 1 1
1.00036 0.00988859 -3.36127 -0.00988859 1.00036 3.13855 0 0 1 1
1.00005 0.00909218 -2.64456 -0.00909218 1.00005 3.48309 0 0 1 1
1 0.00665079 -2.17368 -0.00665079 1 2.36136 0 0 1 1
1.00059 0.00797682 -1.76218 -0.00797682 1.00059 2.68503 0 0 1 1
0.999767 0.00699805 -1.21066 -0.00699805 0.999767 2.87344 0 0 1 1
1.00017 0.00714919 -2.39548 -0.00714919 1.00017 3.04346 0 0 1 1
1.00006 0.00822215 -2.81039 -0.00822215 1.00006 3.43246 0 0 1 1
0.999966 0.00841932 -2.98117 -0.00841932 0.999966 3.26031 0 0 1 1
1.0004 0.00942581 -3.65717 -0.00942581 1.0004 3.78842 0 0 1 1
1.00007 0.0120369 -3.9389 -0.0120369 1.00007 4.41757 0 0 1 1
0.999393 0.01183 -2.74182 -0.01183 0.999393 3.64102 0 0 1 1
1.00003 0.0121175 -2.65207 -0.0121175 1.00003 3.67477 0 0 1 1
0.999818 0.0119524 -2.34161 -0.0119524 0.999818 4.04739 0 0 1 1
0.99958 0.0112658 -3.26157 -0.0112658 0.99958 3.60541 0 0 1 1
1.00085 0.0113388 -3.9761 -0.0113388 1.00085 4.11816 0 0 1 1
0.999609 0.0115549 -2.80759 -0.0115549 0.999609 4.25427 0 0 1 1
1.00103 0.0118448 -3.17993 -0.0118448 1.00103 4.60214 0 0 1 1
1.00107 0.0140493 -3.55496 -0.0140493 1.00107 6.52341 0 0 1 1
1.00015 0.0138685 -3.41635 -0.0138685 1.00015 6.46631 0 0 1 1
1.00042 0.0126537 -2.58575 -0.0126537 1.00042 5.33286 0 0 1 1
1.00027 0.0122025 -2.77667 -0.0122025 1.00027 5.5184 0 0 1 1
0.999622 0.0107733 -2.62604 -0.0107733 0.999622 4.28067 0 0 1 1
1 0.00978133 -1.51373 -0.00978133 1 2.61139 0 0 1 1
1.00028 0.00978926 -0.859283 -0.00978926 1.00028 3.05783 0 0 1 1
1.00001 0.00987641 -0.620056 -0.00987641 1.00001 3.15173 0 0 1 1
1.00013 0.00798153 -0.712646 -0.00798153 1.00013 2.75363 0 0 1 1
0.999858 0.00812811 -1.24121 -0.00812811 0.999858 2.74121 0 0 1 1
0.999957 0.0083959 -1.66263 -0.0083959 0.999957 3.34732 0 0 1 1
0.999391 0.00680282 -1.15552 -0.00680282 0.999391 2.18546 0 0 1 1
0.999728 0.00584823 -1.27487 -0.00584823 0.999728 1.7471 0 0 1 1
0.999195 0.00606085 -0.44165 -0.00606085 0.999195 1.46185 0 0 1 1
0.999535 0.00554633 -0.0744019 -0.00554633 0.999535 1.22446 0 0 1 1
0.999742 0.00578749 -0.357513 -0.00578749 0.999742 0.889496 0 0 1 1
1.00049 0.00507341 -0.948151 -0.00507341 1.00049 1.45517 0 0 1 1
1.00003 0.00458344 -0.677887 -0.00458344 1.00003 1.80753 0 0 1 1
0.999669 0.00385524 -0.425903 -0.00385524 0.999669 1.40103 0 0 1 1
0.999976 0.00401651 -0.659637 -0.00401651 0.999976 1.24542 0 0 1 1
0.999738 0.00417254 -0.839752 -0.00417254 0.999738 1.26883 0 0 1 1
0.999864 0.0045803 -0.540802 -0.0045803 0.999864 1.2612 0 0 1 1
1.00011 0.00301329 -0.430939 -0.00301329 1.00011 0.809753 0 0 1 1
0.999678 0.00262899 -0.519775 -0.00262899 0.999678 0.431244 0 0 1 1
0.999909 0.00268243 -0.776978 -0.00268243 0.999909 0.43631 0 0 1 1
0.999452 0.00278816 -0.767456 -0.00278816 0.999452 0.120087 0 0 1 1
1.00025 0.00341609 -0.885925 -0.00341609 1.00025 0.400116 0 0 1 1
1.00011 0.0021116 -0.505951 -0.0021116 1.00011 0.452301 0 0 1 1
1.00005 0.00303961 -0.871735 -0.00303961 1.00005 0.839661 0 0 1 1
1.00061 0.00309232 -1.517 -0.00309232 1.00061 1.07043 0 0 1 1
1.00003 0.002913 -1.37045 -0.002913 1.00003 1.50137 0 0 1 1
0.999735 0.00162785 -1.08047 -0.00162785 0.999735 0.928162 0 0 1 1
1.00019 0.00219101 -1.01984 -0.00219101 1.00019 1.13867 0 0 1 1
0.999472 0.00225908 -0.251831 -0.00225908 0.999472 0.886963 0 0 1 1
0.999966 0.000722337 -0.360626 -0.000722337 0.999966 -0.123932 0 0 1 1
1.0003 0.000439235 -0.854218 -0.000439235 1.0003 -0.0232849 0 0 1 1
1.00019 -0.000363632 -0.938171 0.000363632 1.00019 0.118622 0 0 1 1
0.999855 -0.000610608 -0.200714 0.000610608 0.999855 0.144196 0 0 1 1
0.999861 -0.000927268 0.562866 0.000927268 0.999861 -0.230286 0 0 1 1
1.0002 -0.002468 0.364838 0.002468 1.0002 -0.817383 0 0 1 1
0.999862 -0.00215827 -0.261047 0.00215827 0.999862 -0.694489 0 0 1 1
1.00015 -0.00280559 -0.300659 0.00280559 1.00015 -0.894989 0 0 1 1
1.00022 -0.00267328 0.000701904 0.00267328 1.00022 -0.435455 0 0 1 1
0.999787 -0.00310349 0.098175 0.00310349 0.999787 -0.512238 0 0 1 1
0.999512 -0.00225884 -0.175446 0.00225884 0.999512 -0.369141 0 0 1 1
0.999383 -0.000826589 0.359497 0.000826589 0.999383 -0.535614 0 0 1 1
1.00003 -0.000231019 0.514252 0.000231019 1.00003 -0.540405 0 0 1 1
0.99994 -0.000538789 0.297852 0.000538789 0.99994 -0.589874 0 0 1 1
1.00026 -0.00103814 -0.304443 0.00103814 1.00026 -0.445679 0 0 1 1
0.999709 -0.0018596 -0.26947 0.0018596 0.999709 -0.609222 0 0 1 1
0.999843 -0.00134391 0.221252 0.00134391 0.999843 -0.609344 0 0 1 1
1.00005 -0.000660122 0.573364 0.000660122 1.00005 -0.284332 0 0 1 1
1.00005 -0.000676482 0.580566 0.000676482 1.00005 -0.415192 0 0 1 1
1.00014 -0.000374061 -0.0762024 0.000374061 1.00014 -0.23999 0 0 1 1
0.99978 -0.000316859 -0.419647 0.000316859 0.99978 -0.263123 0 0 1 1
0.999706 0.000390402 -0.108704 -0.000390402 0.999706 -0.364716 0 0 1 1
0.999883 0.000216726 0.359436 -0.000216726 0.999883 -0.396637 0 0 1 1
1.00043 0.000139985 0.104492 -0.000139985 1.00043 -0.237549 0 0 1 1
1.00013 -0.000501304 -0.0879822 0.000501304 1.00013 -0.0700989 0 0 1 1
0.999755 -0.000726805 -0.285034 0.000726805 0.999755 -0.0679321 0 0 1 1
1.00016 6.25734e-06 -0.129456 -6.25734e-06 1.00016 -0.301727 0 0 1 1
0.999723 0.00118808 0.204498 -0.00118808 0.999723 0.0161743 0 0 1 1
1.00008 0.0014796 -0.464203 -0.0014796 1.00008 0.135406 0 0 1 1
1.00013 0.00166172 -0.500336 -0.00166172 1.00013 0.5177 0 0 1 1
0.999646 0.00123242 0.161133 -0.00123242 0.999646 0.334167 0 0 1 1
0.999925 0.000250289 0.519592 -0.000250289 0.999925 -0.365295 0 0 1 1
1.00008 -0.000995798 1.03476 0.000995798 1.00008 -0.740326 0 0 1 1
1.00016 -0.000855258 0.167236 0.000855258 1.00016 -0.463226 0 0 1 1
1.00021 -0.000797906 -0.0339661 0.000797906 1.00021 -0.136261 0 0 1 1
0.999943 -0.000336275 0.391602 0.000336275 0.999943 0.180328 0 0 1 1
0.99979 -0.000445714 0.871521 0.000445714 0.99979 -0.234589 0 0 1 1
1.00017 -0.000862602 0.0390625 0.000862602 1.00017 -0.335419 0 0 1 1
0.999952 -0.000566361 -0.0947571 0.000566361 0.999952 0.143188 0 0 1 1
0.999975 -0.000829067 0.126617 0.000829067 0.999975 -0.0892944 0 0 1 1
0.999739 -0.00054779 0.65683 0.00054779 0.999739 -0.21637 0 0 1 1
0.999934 -0.000977978 0.791779 0.000977978 0.999934 -0.609497 0 0 1 1
0.99996 -0.00113884 0.59964 0.00113884 0.99996 -0.454193 0 0 1 1
0.99998 -0.00112103 -0.166718 0.00112103 0.99998 -0.348633 0 0 1 1
0.999979 -0.000614153 -0.23584 0.000614153 0.999979 -0.0327148 0 0 1 1
0.999955 -0.00086311 0.0767212 0.00086311 0.999955 -0.222473 0 0 1 1
0.99985 -0.000580029 0.256073 0.000580029 0.99985 -0.228516 0 0 1 1
0.999895 -0.00071934 0.602631 0.00071934 0.999895 -0.540558 0 0 1 1
0.999996 -0.000187566 -0.191376 0.000187566 0.999996 -0.215607 0 0 1 1
1.00009 2.70265e-05 -0.649261 -2.70265e-05 1.00009 -0.0853271 0 0 1 1
1.00001 0.00089454 -0.293518 -0.00089454 1.00001 0.340424 0 0 1 1
0.99991 9.70869e-05 0.23996 -9.70869e-05 0.99991 -0.130127 0 0 1 1
1.0001 -0.000306005 0.0978699 0.000306005 1.0001 -0.336792 0 0 1 1
1.00008 -0.000373678 0.118988 0.000373678 1.00008 -0.397675 0 0 1 1
1.00015 -0.000339612 -0.00366211 0.000339612 1.00015 -0.227936 0 0 1 1
0.99988 -7.89355e-05 0.26947 7.89355e-05 0.99988 -0.305542 0 0 1 1
1.00004 -0.000288024 0.199463 0.000288024 1.00004 -0.511505 0 0 1 1
1.00007 0.000359039 0.010376 -0.000359039 1.00007 -0.150665 0 0 1 1
1.00049 0.000173594 -0.117279 -0.000173594 1.00049 -0.0192871 0 0 1 1
1.00005 0.000126433 0.00860596 -0.000126433 1.00005 0.339355 0 0 1 1
1.00008 -3.55547e-05 0.250977 3.55547e-05 1.00008 -0.0870667 0 0 1 1
1.00016 -0.000212175 0.184082 0.000212175 1.00016 -0.244354 0 0 1 1
1.00022 -0.000403072 0.246033 0.000403072 1.00022 -0.410309 0 0 1 1
1.00031 -0.000774123 0.382751 0.000774123 1.00031 -0.569305 0 0 1 1
1.00026 -0.000786586 0.0462952 0.000786586 1.00026 -0.229004 0 0 1 1
1.00033 -0.000132493 -0.35553 0.000132493 1.00033 0.09552 0 0 1 1
0.999903 -5.71674e-05 -0.140778 5.71674e-05 0.999903 -0.105072 0 0 1 1
1.00016 0.000559568 0.066803 -0.000559568 1.00016 0.0465698 0 0 1 1
1.00025 1.19997e-05 -0.207214 -1.19997e-05 1.00025 -0.220917 0 0 1 1
1.00051 -0.000303966 -0.644989 0.000303966 1.00051 -0.111023 0 0 1 1
1.00009 -0.000346329 -0.6539 0.000346329 1.00009 0.205048 0 0 1 1
0.999784 -0.000408805 -0.428101 0.000408805 0.999784 0.100067 0 0 1 1
0.999711 -0.000417861 0.257629 0.000417861 0.999711 -0.206512 0 0 1 1
1.0001 -0.000475035 0.114136 0.000475035 1.0001 -0.356537 0 0 1 1
1.00019 -5.57509e-05 -0.0819092 5.57509e-05 1.00019 0.139771 0 0 1 1
0.999681 -0.000594131 -0.207306 0.000594131 0.999681 -0.323547 0 0 1 1
0.999625 -0.000810352 -1.49533 0.000810352 0.999625 -0.871826 0 0 1 1
0.998429 -0.000740832 -2.50247 0.000740832 0.998429 -1.70831 0 0 1 1
0.999531 7.28195e-05 -3.00482 -7.28195e-05 0.999531 -2.01077 0 0 1 1
0.999831 0.000658041 -1.11841 -0.000658041 0.999831 0.103455 0 0 1 1
1.00103 0.00207263 -0.0961914 -0.00207263 1.00103 1.53189 0 0 1 1
0.999598 -0.00252338 0.674835 0.00252338 0.999598 -0.899139 0 0 1 1
1.0014 4.8771e-05 -2.379 -4.8771e-05 1.0014 0.522217 0 0 1 1
1.00063 8.31638e-05 -2.39368 -8.31638e-05 1.00063 1.64938 0 0 1 1
1.00093 -0.00170153 -0.259094 0.00170153 1.00093 1.06848 0 0 1 1
1.00097 -0.00206757 1.52121 0.00206757 1.00097 0.810577 0 0 1 1
1.00135 -0.0015638 1.32428 0.0015638 1.00135 1.56458 0 0 1 1
1.00043 -1.75754e-05 -1.06281 1.75754e-05 1.00043 0.727081 0 0 1 1
0.999345 0.0053717 -1.42352 -0.0053717 0.999345 3.92273 0 0 1 1
1.00233 -0.000107976 1.94696 0.000107976 1.00233 1.28244 0 0 1 1
0.999312 -0.00253845 2.71591 0.00253845 0.999312 -3.52075 0 0 1 1
0.998973 0.000221804 -0.141998 -0.000221804 0.998973 -3.24991 0 0 1 1
0.998789 0.00286936 -2.62997 -0.00286936 0.998789 -1.35602 0 0 1 1
0.99916 0.000648447 -2.39417 -0.000648447 0.99916 -2.0874 0 0 1 1
0.998403 -0.000689938 0.671234 0.000689938 0.998403 -2.87695 0 0 1 1
0.999357 0.000817931 0.111755 -0.000817931 0.999357 -2.74875 0 0 1 1
1.00037 0.000970754 -0.702515 -0.000970754 1.00037 -2.96298 0 0 1 1
1.00026 0.000446577 -0.0348511 -0.000446577 1.00026 -1.28918 0 0 1 1
1.00041 0.00702856 -4.81595 -0.00702856 1.00041 1.61108 0 0 1 1
1.00201 0.00540138 -5.68335 -0.00540138 1.00201 1.62665 0 0 1 1
0.997043 0.0043534 -9.09793 -0.0043534 0.997043 3.98541 0 0 1 1
0.997006 -0.00450729 -4.64862 0.00450729 0.997006 2.80615 0 0 1 1
0.997448 -0.00170772 -2.07962 0.00170772 0.997448 1.4252 0 0 1 1
0.99949 -0.000619514 -2.26688 0.000619514 0.99949 0.0898438 0 0 1 1
1.00031 -0.000578879 -1.21024 0.000578879 1.00031 -0.785156 0 0 1 1
1.00069 -0.000693491 -1.05865 0.000693491 1.00069 -1.22812 0 0 1 1
1.00182 -0.00173138 -1.99182 0.00173138 1.00182 0.79306 0 0 1 1
1.00193 -0.00142036 -2.20004 0.00142036 1.00193 1.95117 0 0 1 1
1.00163 0.000240493 -0.58551 -0.000240493 1.00163 1.0145 0 0 1 1
1.00292 0.00573706 0.02005 -0.00573706 1.00292 -0.44632 0 0 1 1
1.00451 0.00596356 0.311279 -0.00596356 1.00451 -0.844604 0 0 1 1
1.00499 0.00658456 0.0100098 -0.00658456 1.00499 2.1427 0 0 1 1
1.00107 0.00881888 -0.495422 -0.00881888 1.00107 3.51169 0 0 1 1
1.00084 0.00590286 -1.84314 -0.00590286 1.00084 2.85928 0 0 1 1
1.00204 0.00458629 -3.67545 -0.00458629 1.00204 2.78403 0 0 1 1
1.00136 -0.000278829 -0.777649 0.000278829 1.00136 1.69424 0 0 1 1
1.00043 0.000509531 0.824249 -0.000509531 1.00043 0.28894 0 0 1 1
0.998874 0.00240046 0.893921 -0.00240046 0.998874 -0.108063 0 0 1 1
0.999969 0.00100176 -0.728577 -0.00100176 0.999969 -1.83319 0 0 1 1
1.00096 0.00127147 -0.372925 -0.00127147 1.00096 0.217438 0 0 1 1
1.0003 0.00567547 -1.19052 -0.00567547 1.0003 1.71133 0 0 1 1
1.00026 0.00453663 -2.32684 -0.00453663 1.00026 1.3613 0 0 1 1
1.00058 0.00233063 -2.25647 -0.00233063 1.00058 -0.249207 0 0 1 1
1.00047 0.00410594 -2.54233 -0.00410594 1.00047 0.994049 0 0 1 1
1.00077 -0.000382435 0.775238 0.000382435 1.00077 -1.29559 0 0 1 1
1.00018 -0.00121676 -0.0682068 0.00121676 1.00018 -1.28647 0 0 1 1
1.00079 -0.00308024 -0.210083 0.00308024 1.00079 -0.680664 0 0 1 1
1.00036 -0.000446389 -2.06201 0.000446389 1.00036 0.766876 0 0 1 1
1.00203 -0.00356145 -4.06451 0.00356145 1.00203 -0.811096 0 0 1 1
0.997434 -0.00165857 -3.62271 0.00165857 0.997434 0.00360107 0 0 1 1
0.998534 0.00264769 -2.93967 -0.00264769 0.998534 0.938171 0 0 1 1
1.00149 0.00183278 -1.48508 -0.00183278 1.00149 -0.437592 0 0 1 1
1.00084 0.00184356 0.312714 -0.00184356 1.00084 -0.490784 0 0 1 1
1.00053 -0.0015577 1.75577 0.0015577 1.00053 -0.847229 0 0 1 1
1.00291 -0.00259637 0.13974 0.00259637 1.00291 -1.96677 0 0 1 1
1.00011 0.00132134 -0.813934 -0.00132134 1.00011 0.358429 0 0 1 1
1.00015 -0.00158233 -0.870667 0.00158233 1.00015 -1.11893 0 0 1 1
1.00038 -0.00355939 -1.05499 0.00355939 1.00038 -1.46021 0 0 1 1
1.00038 -0.000749268 -1.84299 0.000749268 1.00038 0.00952148 0 0 1 1
1.00068 -0.000586637 -1.36102 0.000586637 1.00068 0.344208 0 0 1 1
0.998041 -0.00201205 0.239624 0.00201205 0.998041 -0.404968 0 0 1 1
0.999268 0.00421517 -1.45929 -0.00421517 0.999268 -0.295715 0 0 1 1
0.999433 0.00424602 0.725159 -0.00424602 0.999433 -0.503876 0 0 1 1
1.00248 0.00384275 0.338593 -0.00384275 1.00248 -1.00989 0 0 1 1
1.00067 0.00242372 1.60806 -0.00242372 1.00067 -0.971771 0 0 1 1
1.00029 0.00113612 3.02057 -0.00113612 1.00029 -0.97406 0 0 1 1
0.9994 0.00345018 1.95905 -0.00345018 0.9994 -0.393127 0 0 1 1
1.00035 0.00452591 -0.880188 -0.00452591 1.00035 -0.506958 0 0 1 1
1.00011 0.00153805 -2.53119 -0.00153805 1.00011 -0.335266 0 0 1 1
0.999286 -0.00198162 -2.85742 0.00198162 0.999286 0.0763245 0 0 1 1
0.998754 -0.000239061 -3.02206 0.000239061 0.998754 1.64551 0 0 1 1
0.997891 -0.00111732 -1.23459 0.00111732 0.997891 1.35977 0 0 1 1
1.00019 -0.00213968 -0.863312 0.00213968 1.00019 0.00878906 0 0 1 1
0.99988 -0.00211046 -0.200592 0.00211046 0.99988 0.228333 0 0 1 1
0.999905 -0.000761397 -0.429077 0.000761397 0.999905 -0.215088 0 0 1 1
1.00086 -0.00132706 -0.955383 0.00132706 1.00086 0.0266724 0 0 1 1
1.0004 -0.000612865 -1.43558 0.000612865 1.0004 0.893646 0 0 1 1
0.999666 -0.00113658 -1.86926 0.00113658 0.999666 0.387054 0 0 1 1
0.999638 -0.00266775 -0.303864 0.00266775 0.999638 -1.00278 0 0 1 1
0.999574 -0.00159746 1.0564 0.00159746 0.999574 -1.32953 0 0 1 1
0.9997 -0.00337801 2.11801 0.00337801 0.9997 -1.74701 0 0 1 1
0.999474 -0.00290153 2.19757 0.00290153 0.999474 -1.81589 0 0 1 1
0.999754 -0.00321867 1.53699 0.00321867 0.999754 -1.89346 0 0 1 1
0.999154 -0.00163871 0.939392 0.00163871 0.999154 -0.556335 0 0 1 1
0.999177 -0.00335203 1.51041 0.00335203 0.999177 -1.43335 0 0 1 1
0.999804 -0.00428613 1.94019 0.00428613 0.999804 -1.49918 0 0 1 1
0.998404 -0.00448731 2.68689 0.00448731 0.998404 -2.36276 0 0 1 1
1.00015 -0.00392039 2.09866 0.00392039 1.00015 -2.21533 0 0 1 1
0.999874 -0.00253663 2.16101 0.00253663 0.999874 -1.61322 0 0 1 1
0.999163 -0.0050447 2.91547 0.0050447 0.999163 -2.75525 0 0 1 1
1.00264 -0.00299264 0.749146 0.00299264 1.00264 -3.4437 0 0 1 1
0.999985 -0.00025569 0.920135 0.00025569 0.999985 0.191223 0 0 1 1
1.00038 0.00031782 -0.0620728 -0.00031782 1.00038 -0.382599 0 0 1 1
0.999361 0.00147821 -0.00537109 -0.00147821 0.999361 -0.493622 0 0 1 1
1.00092 0.00226385 -0.0578918 -0.00226385 1.00092 0.104645 0 0 1 1
1.00055 0.00192191 0.312073 -0.00192191 1.00055 0.334412 0 0 1 1
0.999175 0.0039812 0.00271606 -0.0039812 0.999175 -0.853729 0 0 1 1
1.00027 0.00322349 -0.270416 -0.00322349 1.00027 -0.633423 0 0 1 1
1.00045 0.000594853 0.09552 -0.000594853 1.00045 -0.0548706 0 0 1 1
1.00098 -0.0037878 0.483582 0.0037878 1.00098 0.690674 0 0 1 1
1.0002 -0.00159232 0.720459 0.00159232 1.0002 0.809082 0 0 1 1
0.99963 0.00414175 -0.0510559 -0.00414175 0.99963 -0.771454 0 0 1 1
0.999638 0.00311759 0.235107 -0.00311759 0.999638 -2.15231 0 0 1 1
1.00056 -0.000940315 1.47552 0.000940315 1.00056 -0.9617 0 0 1 1
1.00167 -0.00133129 1.15967 0.00133129 1.00167 -0.848206 0 0 1 1
1.00129 -0.000145732 0.0360413 0.000145732 1.00129 0.579651 0 0 1 1
0.999453 0.00160496 -0.592285 -0.00160496 0.999453 0.407867 0 0 1 1
0.999664 0.00437468 -0.623199 -0.00437468 0.999664 -0.198029 0 0 1 1
0.999458 0.00320193 2.1864 -0.00320193 0.999458 -0.51886 0 0 1 1
1.00072 -0.00178284 3.63467 0.00178284 1.00072 -1.26611 0 0 1 1
1.0005 -0.00403158 2.8678 0.00403158 1.0005 -1.06592 0 0 1 1
1.00031 -0.00254319 0.630402 0.00254319 1.00031 0.0782471 0 0 1 1
0.999154 -0.000632555 1.2016 0.000632555 0.999154 -0.64212 0 0 1 1
0.999955 -0.000953677 0.604736 0.000953677 0.999955 -0.953674 0 0 1 1
1.0009 0.00201116 -1.47208 -0.00201116 1.0009 1.37311 0 0 1 1
1.00138 -6.18141e-05 -0.649323 6.18141e-05 1.00138 3.7475 0 0 1 1
1.00022 -0.00188424 -0.728638 0.00188424 1.00022 4.21548 0 0 1 1
1.00041 -0.00535064 -0.428741 0.00535064 1.00041 2.08746 0 0 1 1
0.999029 -0.00399453 -1.48578 0.00399453 0.999029 1.94601 0 0 1 1
1.00029 -0.00313396 0.757172 0.00313396 1.00029 -1.08167 0 0 1 1
0.999161 -0.000181444 1.05664 0.000181444 0.999161 0.382111 0 0 1 1
0.999354 -0.00168593 1.15817 0.00168593 0.999354 -1.2092 0 0 1 1
1.00022 -0.00370777 1.49258 0.00370777 1.00022 -2.01993 0 0 1 1
0.999297 0.000761654 1.16687 -0.000761654 0.999297 -1.04913 0 0 1 1
0.999831 0.000968127 1.03235 -0.000968127 0.999831 -1.54065 0 0 1 1
0.999519 -0.000717384 0.966827 0.000717384 0.999519 -1.42639 0 0 1 1
0.999653 0.00351918 0.4039 -0.00351918 0.999653 -1.14243 0 0 1 1
1.00314 0.00108203 -0.735413 -0.00108203 1.00314 -2.0799 0 0 1 1
0.999074 -0.000183703 0.980774 0.000183703 0.999074 -0.428619 0 0 1 1
0.999039 0.00156061 0.463623 -0.00156061 0.999039 -0.788849 0 0 1 1
0.999901 7.32353e-05 0.432007 -7.32353e-05 0.999901 -1.30914 0 0 1 1
0.998951 0.000112699 0.564117 -0.000112699 0.998951 -0.67334 0 0 1 1
1.00055 0.000704994 -0.680817 -0.000704994 1.00055 0.397003 0 0 1 1
1.00006 0.000456272 0.00241089 -0.000456272 1.00006 0.819885 0 0 1 1
1.00042 0.00150809 0.422516 -0.00150809 1.00042 0.684937 0 0 1 1
0.999134 0.00293397 0.593445 -0.00293397 0.999134 0.0674744 0 0 1 1
1.00032 0.00292538 0.125854 -0.00292538 1.00032 -0.424896 0 0 1 1
1.00126 0.00056574 -0.648224 -0.00056574 1.00126 0.213379 0 0 1 1
1.00026 0.000285383 -0.420898 -0.000285383 1.00026 0.443787 0 0 1 1
0.999826 0.000322144 0.341003 -0.000322144 0.999826 0.781769 0 0 1 1
0.999357 0.000456346 1.08707 -0.000456346 0.999357 -0.208618 0 0 1 1
1.00193 0.000883212 -0.305908 -0.000883212 1.00193 0.314301 0 0 1 1
0.998013 -0.00199878 1.73312 0.00199878 0.998013 0.242432 0 0 1 1
0.999537 -0.00118638 0.0350647 0.00118638 0.999537 -0.529297 0 0 1 1
0.999878 0.000895308 0.130188 -0.000895308 0.999878 1.07584 0 0 1 1
0.999545 -0.000945055 0.102661 0.000945055 0.999545 0.531158 0 0 1 1
0.999739 -0.000559481 -0.32666 0.000559481 0.999739 0.57193 0 0 1 1
1.00022 8.11535e-05 0.182098 -8.11535e-05 1.00022 0.341766 0 0 1 1
0.999454 -4.59148e-05 1.29477 4.59148e-05 0.999454 0.313477 0 0 1 1
1.00041 -0.000607974 0.697327 0.000607974 1.00041 0.0144653 0 0 1 1
0.999719 -0.000251902 -0.128448 0.000251902 0.999719 0.324188 0 0 1 1
0.999188 0.00042495 -0.230438 -0.00042495 0.999188 0.160522 0 0 1 1
1.00019 0.000762747 -0.65567 -0.000762747 1.00019 0.179871 0 0 1 1
0.999991 -0.000322089 0.203583 0.000322089 0.999991 0.289337 0 0 1 1
0.999648 -0.000957179 0.461853 0.000957179 0.999648 0.0415649 0 0 1 1
1.00034 -0.00055457 -0.150726 0.00055457 1.00034 -0.0986938 0 0 1 1
0.999923 -0.000256802 0.119446 0.000256802 0.999923 0.235474 0 0 1 1
1.0176 -0.00134936 -4.92038 0.00134936 1.0176 -5.68814 0 0 1 1
1.00052 -0.000390393 -0.336456 0.000390393 1.00052 -0.126831 0 0 1 1
1.06483 0.000774438 -21.148 -0.000774438 1.06483 -13.0786 0 0 1 1
1.01831 -0.00321186 -3.74203 0.00321186 1.01831 -7.36816 0 0 1 1
1.01804 0.00144955 -7.06644 -0.00144955 1.01804 -5.53006 0 0 1 1
1.00052 0.000738875 1.18616 -0.000738875 1.00052 -0.228088 0 0 1 1
1.04636 -0.00105458 -13.1464 0.00105458 1.04636 -11.3047 0 0 1 1
1.02438 -0.000860933 -5.9614 0.000860933 1.02438 -4.74573 0 0 1 1
0.999848 0.000374889 0.71521 -0.000374889 0.999848 0.200165 0 0 1 1
1.02815 0.000797558 -8.44693 -0.000797558 1.02815 -7.87302 0 0 1 1
1.05201 0.003078 -18.9163 -0.003078 1.05201 -10.8849 0 0 1 1
1.00018 0.00190752 -1.08655 -0.00190752 1.00018 0.921753 0 0 1 1
1.01929 -0.00170218 -5.3316 0.00170218 1.01929 -7.18765 0 0 1 1
1.02332 -0.0014396 -7.68988 0.0014396 1.02332 -4.74707 0 0 1 1
1.00008 -0.00179274 1.36551 0.00179274 1.00008 -1.59973 0 0 1 1
1.05707 -0.00118002 -14.8907 0.00118002 1.05707 -14.3063 0 0 1 1
1.03659 -0.00151136 -11.9918 0.00151136 1.03659 -8.71768 0 0 1 1
0.999603 -8.29821e-05 -1.0835 8.29821e-05 0.999603 0.100708 0 0 1 1
1.03041 0.000283397 -10.4776 -0.000283397 1.03041 -8.07343 0 0 1 1
1.031 0.000718697 -10.8717 -0.000718697 1.031 -8.17484 0 0 1 1
1.00018 0.000610584 1.82074 -0.000610584 1.00018 -0.345062 0 0 1 1
1.03254 -0.000620001 -7.43863 0.000620001 1.03254 -8.78168 0 0 1 1
1.03337 9.91488e-05 -9.47095 -9.91488e-05 1.03337 -6.96207 0 0 1 1
1.00011 3.56957e-05 -0.370605 -3.56957e-05 1.00011 -0.0445557 0 0 1 1
1.07218 0.00131882 -24.1103 -0.00131882 1.07218 -15.6754 0 0 1 1
1.03693 0.00126631 -14.1011 -0.00126631 1.03693 -9.09439 0 0 1 1
0.999942 0.000138533 -0.0422668 -0.000138533 0.999942 -0.350006 0 0 1 1
1.03057 -0.000134571 -9.84131 0.000134571 1.03057 -8.00961 0 0 1 1
1.09095 -0.000640618 -27.2643 0.000640618 1.09095 -21.6937 0 0 1 1
1.00013 -0.00136732 0.0925903 0.00136732 1.00013 -0.842163 0 0 1 1
1.04352 -0.00185138 -15.737 0.00185138 1.04352 -11.5598 0 0 1 1
1.04492 -0.00175994 -14.9373 0.00175994 1.04492 -11.8562 0 0 1 1
0.999777 0.000167163 -0.300049 -0.000167163 0.999777 0.148865 0 0 1 1
0.999307 0.000604106 0.100464 -0.000604106 0.999307 0.0188599 0 0 1 1
1 0 0 0 1 0 0 0 1 0
1.00053 -0.00127715 1.31882 0.00127715 1.00053 -0.594849 0 0 1 1
0.999481 0.000135797 -0.0655212 -0.000135797 0.999481 0.398376 0 0 1 1
1.00009 8.57436e-05 -0.556946 -8.57436e-05 1.00009 -0.247345 0 0 1 1
0.999544 0.00132695 0.35025 -0.00132695 0.999544 -0.343323 0 0 1 1
1.00056 0.00121605 0.162079 -0.00121605 1.00056 -0.183258 0 0 1 1
0.999948 0.000130941 0.193329 -0.000130941 0.999948 0.0117798 0 0 1 1
1.00015 -0.00023057 1.15668 0.00023057 1.00015 -0.454559 0 0 1 1
0.999591 -0.00117955 0.517517 0.00117955 0.999591 -0.905518 0 0 1 1
1.00003 0.000164822 0.671356 -0.000164822 1.00003 -2.01602 0 0 1 1
0.999918 0.00200587 1.12375 -0.00200587 0.999918 -1.05411 0 0 1 1
1.00067 0.000862115 0.831818 -0.000862115 1.00067 -0.60202 0 0 1 1
1.00003 -0.000862153 0.711823 0.000862153 1.00003 -0.237915 0 0 1 1
1.00006 -0.000890348 -0.127319 0.000890348 1.00006 -0.63327 0 0 1 1
0.999332 -9.60031e-05 1.51492 9.60031e-05 0.999332 0.0770874 0 0 1 1
1.00093 -0.00157693 0.380005 0.00157693 1.00093 -1.82446 0 0 1 1
0.998703 0.0016981 -0.389038 -0.0016981 0.998703 -0.139465 0 0 1 1
0.999943 0.000117778 1.9505 -0.000117778 0.999943 -1.8754 0 0 1 1
1.00003 0.000525196 1.23331 -0.000525196 1.00003 -2.22351 0 0 1 1
1.00015 -0.00234301 -0.301178 0.00234301 1.00015 -3.03983 0 0 1 1
0.999835 0.000705097 -1.24115 -0.000705097 0.999835 -0.973083 0 0 1 1
0.999988 -0.00033666 0.712708 0.00033666 0.999988 -0.861481 0 0 1 1
1.00004 -0.00108878 0.389648 0.00108878 1.00004 -1.25989 0 0 1 1
0.998871 0.00174344 0.242065 -0.00174344 0.998871 -1.1351 0 0 1 1
1.00041 -0.000333654 -0.174408 0.000333654 1.00041 -2.26495 0 0 1 1
0.999936 9.22063e-05 -0.403351 -9.22063e-05 0.999936 -1.82291 0 0 1 1
1.00071 -0.000227603 -0.276184 0.000227603 1.00071 -0.556732 0 0 1 1
0.999442 -0.000741048 0.94519 0.000741048 0.999442 1.09631 0 0 1 1
0.999763 -0.000166114 0.0863953 0.000166114 0.999763 -1.58475 0 0 1 1
1.00084 -0.000654383 0.221832 0.000654383 1.00084 -1.20343 0 0 1 1
1.00013 0.000366684 -0.383636 -0.000366684 1.00013 1.43719 0 0 1 1
0.999122 3.25744e-05 1.39474 -3.25744e-05 0.999122 -0.060791 0 0 1 1
0.998711 0.00205539 0.111023 -0.00205539 0.998711 -1.89728 0 0 1 1
1.00228 -0.0010324 -0.678741 0.0010324 1.00228 -2.35648 0 0 1 1
1.0006 -0.00043983 -0.584412 0.00043983 1.0006 0.201599 0 0 1 1
0.997507 -0.000275559 0.827332 0.000275559 0.997507 -0.460266 0 0 1 1
1.00104 -0.000556108 -0.506622 0.000556108 1.00104 -3.22025 0 0 1 1
1.00184 -0.00328873 -2.4212 0.00328873 1.00184 1.82071 0 0 1 1
0.999816 -0.00219261 -2.15891 0.00219261 0.999816 5.12564 0 0 1 1
0.99839 0.000613595 -2.59048 -0.000613595 0.99839 2.89771 0 0 1 1
0.999443 0.000363672 -1.0043 -0.000363672 0.999443 -0.0614624 0 0 1 1
1.00025 -0.00194356 -2.7305 0.00194356 1.00025 -0.300385 0 0 1 1
1.0002 -0.000633996 -4.21722 0.000633996 1.0002 -0.470459 0 0 1 1
0.999514 -0.000138251 -2.36121 0.000138251 0.999514 0.981232 0 0 1 1
0.998848 0.00046287 -0.205688 -0.00046287 0.998848 -0.321777 0 0 1 1
0.94786 -0.00103731 15.1985 0.00103731 0.94786 10.1984 0 0 1 1
0.999142 0.000590184 -0.272522 -0.000590184 0.999142 -0.976532 0 0 1 1
1.00039 0.000138037 0.206146 -0.000138037 1.00039 -3.19791 0 0 1 1
1.00012 0.00100344 1.21036 -0.00100344 1.00012 -1.61285 0 0 1 1
1.00102 -3.38173e-05 0.700165 3.38173e-05 1.00102 -0.893616 0 0 1 1
1.00038 -0.00164881 -0.747284 0.00164881 1.00038 0.678528 0 0 1 1
0.999589 0.000138043 -0.196228 -0.000138043 0.999589 0.982208 0 0 1 1
0.999404 0.000799037 1.1525 -0.000799037 0.999404 -0.349152 0 0 1 1
1.00054 -0.00023217 0.565125 0.00023217 1.00054 -0.852966 0 0 1 1
0.999835 -4.67672e-06 -0.420441 4.67672e-06 0.999835 0.79834 0 0 1 1
0.999622 0.000425387 -1.16605 -0.000425387 0.999622 0.236053 0 0 1 1
1.00016 0.000676206 0.0163269 -0.000676206 1.00016 -0.759491 0 0 1 1
1.00057 0.000553774 -0.248474 -0.000553774 1.00057 0.826324 0 0 1 1
0.999775 0.00074871 -0.28894 -0.00074871 0.999775 0.474487 0 0 1 1
1.00032 0.000110015 -1.42545 -0.000110015 1.00032 0.587524 0 0 1 1
0.999337 0.00134168 -0.457947 -0.00134168 0.999337 0.513794 0 0 1 1
0.892124 0.00117608 35.3376 -0.00117608 0.892124 22.5158 0 0 1 1
0.839864 0.00243172 52.9475 -0.00243172 0.839864 38.9212 0 0 1 1
0.999473 0.0013326 -0.379913 -0.0013326 0.999473 1.53204 0 0 1 1
0.913696 0.000777723 26.2743 -0.000777723 0.913696 20.3022 0 0 1 1
1.00103 -0.00108906 0.610413 0.00108906 1.00103 -2.24512 0 0 1 1
0.970431 -0.00241692 8.80313 0.00241692 0.970431 6.78433 0 0 1 1
0.964271 0.000974757 11.9879 -0.000974757 0.964271 9.77078 0 0 1 1
1.00007 0.00105721 0.530518 -0.00105721 1.00007 0.803192 0 0 1 1
0.932977 -0.000564134 20.8928 0.000564134 0.932977 15.0964 0 0 1 1
0.967662 -0.000138362 9.56949 0.000138362 0.967662 6.41364 0 0 1 1
1.00008 0.000385713 -0.541351 -0.000385713 1.00008 0.187744 0 0 1 1
0.968783 -2.03236e-05 9.44708 2.03236e-05 0.968783 8.06839 0 0 1 1
0.969835 -0.000636832 10.6393 0.000636832 0.969835 8.10992 0 0 1 1
1.00033 -0.000984113 -0.0127563 0.000984113 1.00033 0.274384 0 0 1 1
0.970054 0.000455062 8.51508 -0.000455062 0.970054 8.36563 0 0 1 1
0.970883 0.000359475 8.33429 -0.000359475 0.970883 5.24744 0 0 1 1
1.00011 0.000273229 -0.165436 -0.000273229 1.00011 0.0813599 0 0 1 1
0.94208 -0.0022896 17.9809 0.0022896 0.94208 13.1603 0 0 1 1
0.969194 -0.00234119 12.1493 0.00234119 0.969194 5.96265 0 0 1 1
1.00051 0.001103 -0.00012207 -0.001103 1.00051 0.333618 0 0 1 1
0.981507 -0.00415364 8.29929 0.00415364 0.981507 4.37625 0 0 1 1
1.00002 -0.00074817 -0.238434 0.00074817 1.00002 -0.377106 0 0 1 1
1.00033 -0.000146134 -0.794189 0.000146134 1.00033 0.0440063 0 0 1 1
0.955218 0.00186659 13.6703 -0.00186659 0.955218 11.0811 0 0 1 1
0.948516 -0.000915309 15.7256 0.000915309 0.948516 11.8297 0 0 1 1
0.999942 0.00040785 -0.118134 -0.00040785 0.999942 0.321411 0 0 1 1
0.955459 0.000771553 15.1827 -0.000771553 0.955459 10.481 0 0 1 1
0.982624 -3.74571e-05 7.01865 3.74571e-05 0.982624 5.3212 0 0 1 1
0.999997 -0.000881726 -0.139099 0.000881726 0.999997 -0.478271 0 0 1 1
0.975116 0.0013301 6.5423 -0.0013301 0.975116 8.88968 0 0 1 1
0.958525 -0.000581267 12.9239 0.000581267 0.958525 7.67188 0 0 1 1
0.999866 0.000445418 0.342468 -0.000445418 0.999866 0.0597229 0 0 1 1
0.979623 0.000938544 6.85703 -0.000938544 0.979623 5.38016 0 0 1 1
0.980529 -0.000786874 7.76147 0.000786874 0.980529 4.56934 0 0 1 1
1.0002 -0.00043626 0.624268 0.00043626 1.0002 -0.47229 0 0 1 1
1.00022 0.000252571 -0.374146 -0.000252571 1.00022 0.184998 0 0 1 1
1.00008 -0.000265336 -0.337463 0.000265336 1.00008 0.222168 0 0 1 1
0.999988 -0.000934758 -0.39267 0.000934758 0.999988 0.34314 0 0 1 1
0.999034 -0.00228662 0.498016 0.00228662 0.999034 -0.743744 0 0 1 1
0.999792 -0.00237974 0.591003 0.00237974 0.999792 -1.2749 0 0 1 1
1.00071 -0.00210046 0.0895996 0.00210046 1.00071 -0.6987 0 0 1 1
1.0017 -0.0030869 -0.530182 0.0030869 1.0017 -0.440399 0 0 1 1
0.996378 -9.27452e-05 1.39514 9.27452e-05 0.996378 3.05524 0 0 1 1
1.00147 -0.0050461 1.80188 0.0050461 1.00147 -3.52036 0 0 1 1
0.999276 0.000721617 -0.251984 -0.000721617 0.999276 -0.90213 0 0 1 1
0.998693 -0.00144856 1.67093 0.00144856 0.998693 0.448303 0 0 1 1
0.997214 0.00252717 0.0949097 -0.00252717 0.997214 2.69684 0 0 1 1
0.999685 0.00687016 -1.77805 -0.00687016 0.999685 3.19778 0 0 1 1
1.00156 0.0147937 -3.3436 -0.0147937 1.00156 6.12192 0 0 1 1
0.998054 0.0258714 -3.95163 -0.0258714 0.998054 8.80353 0 0 1 1
0.998712 0.0338819 -6.30615 -0.0338819 0.998712 8.87784 0 0 1 1
0.998605 0.047016 -11.8818 -0.047016 0.998605 16.9446 0 0 1 1
0.996086 0.0563414 -11.1869 -0.0563414 0.996086 19.2941 0 0 1 1
0.997876 0.0603516 -10.6333 -0.0603516 0.997876 19.3053 0 0 1 1
1.00156 0.0544611 -9.40784 -0.0544611 1.00156 15.7982 0 0 1 1
0.999388 0.0444281 -7.46378 -0.0444281 0.999388 13.3876 0 0 1 1
0.998872 0.0385631 -6.66104 -0.0385631 0.998872 10.8799 0 0 1 1
0.997296 0.0262666 -3.95782 -0.0262666 0.997296 5.10715 0 0 1 1
0.998335 0.00799935 -2.11737 -0.00799935 0.998335 -1.46521 0 0 1 1
1.00893 0.0128541 -11.7491 -0.0128541 1.00893 2.93863 0 0 1 1
1.00015 0.0105573 -6.45596 -0.0105573 1.00015 7.26157 0 0 1 1
0.995631 -0.00303788 1.12836 0.00303788 0.995631 0.490234 0 0 1 1
1.00674 -0.0144336 -3.44754 0.0144336 1.00674 -6.72229 0 0 1 1
0.999302 -0.0192621 -0.929382 0.0192621 0.999302 -2.16833 0 0 1 1
1.0003 -0.0213889 -3.96594 0.0213889 1.0003 -1.93793 0 0 1 1
0.989951 -0.020078 -2.94861 0.020078 0.989951 3.14883 0 0 1 1
0.989044 -0.0251454 -2.03571 0.0251454 0.989044 0.557922 0 0 1 1
1.00503 -0.0450539 -3.82111 0.0450539 1.00503 -9.745 0 0 1 1
1.00573 -0.0443302 -6.97833 0.0443302 1.00573 -6.9238 0 0 1 1
0.981125 -0.0490309 2.31583 0.0490309 0.981125 -1.42743 0 0 1 1
0.986276 -0.0533331 0.393921 0.0533331 0.986276 -12.0546 0 0 1 1
1.01002 -0.0553583 -8.67813 0.0553583 1.01002 -20.3512 0 0 1 1
0.992732 -0.055599 -6.57916 0.055599 0.992732 -6.74863 0 0 1 1
1.01276 -0.0624981 -12.8446 0.0624981 1.01276 -14.5261 0 0 1 1
1.00778 -0.0527578 -12.0774 0.0527578 1.00778 -11.4188 0 0 1 1
1.02167 -0.0554604 -10.7487 0.0554604 1.02167 -14.2017 0 0 1 1
1.0008 -0.0592554 -0.539917 0.0592554 1.0008 -8.67081 0 0 1 1
0.993142 -0.0643273 8.05267 0.0643273 0.993142 -10.932 0 0 1 1
1.00095 -0.0675585 13.4855 0.0675585 1.00095 -19.3493 0 0 1 1
1.00225 -0.0609485 21.3872 0.0609485 1.00225 -16.4662 0 0 1 1
1.00295 -0.0536033 23.5114 0.0536033 1.00295 -11.9736 0 0 1 1
1.00281 -0.0543845 23.4047 0.0543845 1.00281 -9.65106 0 0 1 1
1.00912 -0.0575556 25.6896 0.0575556 1.00912 -5.60977 0 0 1 1
1.01137 -0.047547 26.2613 0.047547 1.01137 0.845459 0 0 1 1
0.983088 -0.0113975 28.4983 0.0113975 0.983088 15.7346 0 0 1 1
0.996124 0.00125995 24.1717 -0.00125995 0.996124 13.4205 0 0 1 1
0.979309 0.047892 17.9469 -0.047892 0.979309 30.222 0 0 1 1
0.979338 0.0791847 14.5942 -0.0791847 0.979338 36.8112 0 0 1 1
0.959658 0.103785 18.366 -0.103785 0.959658 43.8792 0 0 1 1
1.00373 0.0962002 12.8815 -0.0962002 1.00373 18.2675 0 0 1 1
1 0 0 0 1 0 0 0 1 0
1 0 0 0 1 0 0 0 1 0
0.986122 0.0992148 18.1178 -0.0992148 0.986122 15.7805 0 0 1 1
1 0 0 0 1 0 0 0 1 0
0.989642 0.098137 5.53662 -0.098137 0.989642 23.3999 0 0 1 1
1.03127 0.0668132 -19.8738 -0.0668132 1.03127 -1.46207 0 0 1 1
1.01847 0.0190385 -26.0263 -0.0190385 1.01847 0.828812 0 0 1 1
1.006 0.0140299 -30.5278 -0.0140299 1.006 13.8912 0 0 1 1
0.966516 0.0244047 -17.0056 -0.0244047 0.966516 33.2727 0 0 1 1
0.996336 0.0456117 -30.2794 -0.0456117 0.996336 34.091 0 0 1 1
0.981082 0.0345625 -16.6809 -0.0345625 0.981082 28.616 0 0 1 1
0.982647 0.0357229 -17.6319 -0.0357229 0.982647 23.0068 0 0 1 1
1.00365 0.0370891 -26.6003 -0.0370891 1.00365 18.2352 0 0 1 1
0.989005 0.0322487 -18.935 -0.0322487 0.989005 23.9762 0 0 1 1
0.989997 -0.00135231 -16.4129 0.00135231 0.989997 7.33769 0 0 1 1
1.00888 -0.0136681 -35.6932 0.0136681 1.00888 5.88971 0 0 1 1
0.98114 -0.0346162 -12.4313 0.0346162 0.98114 9.16443 0 0 1 1
0.970296 -0.052249 -0.443359 0.052249 0.970296 -7.27597 0 0 1 1
0.985985 -0.0732353 -9.70755 0.0732353 0.985985 -27.2784 0 0 1 1
1 0 0 0 1 0 0 0 1 0
1 0 0 0 1 0 0 0 1 0
1.00724 -0.12208 -18.8331 0.12208 1.00724 -29.5453 0 0 1 1
1.01277 -0.112622 -21.159 0.112622 1.01277 -30.55 0 0 1 1
1.02087 -0.109618 -21.0177 0.109618 1.02087 -28.7205 0 0 1 1
1.01795 -0.063718 -19.3126 0.063718 1.01795 -20.0078 0 0 1 1
1.00088 -0.0717031 3.63419 0.0717031 1.00088 -14.5681 0 0 1 1
0.987984 -0.0367067 12.9697 0.0367067 0.987984 -3.53589 0 0 1 1
0.993252 -0.0224724 22.2459 0.0224724 0.993252 3.58917 0 0 1 1
0.995432 -0.0141183 29.5161 0.0141183 0.995432 7.26315 0 0 1 1
0.966014 0.0189981 35.1148 -0.0189981 0.966014 20.6537 0 0 1 1
0.997779 0.0109683 42.5056 -0.0109683 0.997779 9.6973 0 0 1 1
1.00206 0.0219921 40.4854 -0.0219921 1.00206 17.7344 0 0 1 1
0.987152 0.0313596 44.6737 -0.0313596 0.987152 27.6067 0 0 1 1
0.997186 0.0816887 34.7159 -0.0816887 0.997186 39.3032 0 0 1 1
0.984214 0.0792925 47.3987 -0.0792925 0.984214 38.4621 0 0 1 1
1 0 0 0 1 0 0 0 1 0
1.00603 0.0826063 27.815 -0.0826063 1.00603 26.5686 0 0 1 1
1.00727 0.085236 21.6884 -0.085236 1.00727 22.9938 0 0 1 1
1.01413 0.0710508 13.1898 -0.0710508 1.01413 7.04082 0 0 1 1
0.9892 0.0454927 21.3756 -0.0454927 0.9892 5.99799 0 0 1 1
0.990365 0.0120863 13.1258 -0.0120863 0.990365 13.9304 0 0 1 1
0.986601 0.052906 -12.9959 -0.052906 0.986601 21.4093 0 0 1 1
1.00907 0.039063 -20.6647 -0.039063 1.00907 9.43237 0 0 1 1
1.0149 0.0223152 -28.8397 -0.0223152 1.0149 10.8042 0 0 1 1
0.999534 -0.0134966 -24.0073 0.0134966 0.999534 6.34262 0 0 1 1
0.995253 -0.0317267 -20.4696 0.0317267 0.995253 3.33257 0 0 1 1
0.988853 -0.0635838 -15.4244 0.0635838 0.988853 -7.94464 0 0 1 1
0.983594 -0.0575528 -16.9536 0.0575528 0.983594 1.58719 0 0 1 1
0.956236 -0.0604979 -0.694122 0.0604979 0.956236 1.04852 0 0 1 1
0.974099 -0.0896113 -3.63254 0.0896113 0.974099 -25.9425 0 0 1 1
1 0 0 0 1 0 0 0 1 0
0.992787 -0.0551375 -29.2599 0.0551375 0.992787 2.28247 0 0 1 1
0.950501 -0.0530466 -11.1254 0.0530466 0.950501 4.00156 0 0 1 1
1.00698 -0.0391912 -26.649 0.0391912 1.00698 -23.5866 0 0 1 1
1.02607 -0.0295616 -25.3444 0.0295616 1.02607 -18.0063 0 0 1 1
0.99386 0.0108169 -12.7926 -0.0108169 0.99386 5.75262 0 0 1 1
1.00892 -0.00919684 10.4196 0.00919684 1.00892 -4.40298 0 0 1 1
1.00557 0.00880082 19.1871 -0.00880082 1.00557 1.65872 0 0 1 1
1.0044 0.0345337 14.5928 -0.0345337 1.0044 12.8201 0 0 1 1
0.984909 0.0536513 15.2684 -0.0536513 0.984909 23.366 0 0 1 1
1.00944 0.0466734 13.9397 -0.0466734 1.00944 11.1952 0 0 1 1
0.997993 0.0446559 15.5275 -0.0446559 0.997993 11.9748 0 0 1 1
1.0178 0.0377934 5.23166 -0.0377934 1.0178 4.66678 0 0 1 1
1.01083 0.0119939 12.8732 -0.0119939 1.01083 -1.94873 0 0 1 1
1.02283 -0.0142283 11.1083 0.0142283 1.02283 -15.5438 0 0 1 1
0.994636 -0.0133788 12.7476 0.0133788 0.994636 -2.45743 0 0 1 1
1.00361 -0.0192297 0.956329 0.0192297 1.00361 -6.44675 0 0 1 1
0.998146 -0.013215 -1.16034 0.013215 0.998146 -3.41913 0 0 1 1
0.991958 -0.0102952 1.05539 0.0102952 0.991958 -5.92667 0 0 1 1
0.996854 -0.00716285 2.86374 0.00716285 0.996854 -13.0634 0 0 1 1
0.996238 -0.00500216 5.21979 0.00500216 0.996238 -17.7455 0 0 1 1
1.00182 -0.00300999 7.16208 0.00300999 1.00182 -23.6368 0 0 1 1
0.987065 0.0115037 8.04532 -0.0115037 0.987065 -19.6423 0 0 1 1
1.0062 -0.00498237 5.19522 0.00498237 1.0062 -24.1534 0 0 1 1
0.989165 -0.0221876 15.2269 0.0221876 0.989165 -18.0363 0 0 1 1
0.999282 -0.0147184 4.65701 0.0147184 0.999282 -9.91019 0 0 1 1
1.00197 -0.00555287 -3.00671 0.00555287 1.00197 2.73445 0 0 1 1
1.00155 -0.00898223 -4.98962 0.00898223 1.00155 12.0613 0 0 1 1
1.00614 -0.00115946 -8.88446 0.00115946 1.00614 22.7936 0 0 1 1
1.00594 0.0102837 -9.91986 -0.0102837 1.00594 32.4919 0 0 1 1
1.0114 0.0305796 -13.776 -0.0305796 1.0114 37.2132 0 0 1 1
1.01548 0.0190928 -7.57324 -0.0190928 1.01548 34.4179 0 0 1 1
1.01212 0.00279051 -8.35471 -0.00279051 1.01212 35.4179 0 0 1 1
1.00465 -0.00514256 -7.62033 0.00514256 1.00465 30.8979 0 0 1 1
1.01214 0.0108658 -19.7855 -0.0108658 1.01214 31.9569 0 0 1 1
1.01421 0.0208272 -18.0288 -0.0208272 1.01421 31.3098 0 0 1 1
1.00583 0.0158899 -11.9392 -0.0158899 1.00583 27.5388 0 0 1 1
1.00375 0.00492653 -6.41208 -0.00492653 1.00375 15.8629 0 0 1 1
0.986937 -0.00240904 2.98999 0.00240904 0.986937 13.0871 0 0 1 1
0.984142 0.00275148 5.02997 -0.00275148 0.984142 8.50204 0 0 1 1
0.996958 -0.00723599 0.284729 0.00723599 0.996958 -7.10791 0 0 1 1
0.995492 -0.00645247 1.58081 0.00645247 0.995492 -12.2053 0 0 1 1
0.993414 -0.0102972 6.38489 0.0102972 0.993414 -20.0219 0 0 1 1
0.997549 -0.0150359 7.59079 0.0150359 0.997549 -29.4756 0 0 1 1
1.00172 -0.0010322 -0.886108 0.0010322 1.00172 -28.1103 0 0 1 1
0.993575 0.00842538 -2.0285 -0.00842538 0.993575 -20.7858 0 0 1 1
0.997761 0.00963591 4.30911 -0.00963591 0.997761 -28.7747 0 0 1 1
0.990457 0.0154982 13.8055 -0.0154982 0.990457 -29.7242 0 0 1 1
0.983743 0.00894048 22.6656 -0.00894048 0.983743 -29.135 0 0 1 1
0.99847 0.0129222 15.1686 -0.0129222 0.99847 -28.8755 0 0 1 1
0.991718 0.00720827 5.71194 -0.00720827 0.991718 -20.1088 0 0 1 1
0.998303 -0.0350505 8.57928 0.0350505 0.998303 -32.9521 0 0 1 1
0.996456 -0.0159845 -0.704803 0.0159845 0.996456 -12.716 0 0 1 1
1.0059 -0.0260132 -0.964722 0.0260132 1.0059 -12.755 0 0 1 1
1.00074 -0.0241431 5.17673 0.0241431 1.00074 0.57991 0 0 1 1
0.999186 -0.0105454 1.9234 0.0105454 0.999186 17.037 0 0 1 1
0.999842 0.000502614 -3.69519 -0.000502614 0.999842 30.771 0 0 1 1
1.00022 0.00383789 -7.91275 -0.00383789 1.00022 30.9286 0 0 1 1
1.03213 0.0183416 -23.9857 -0.0183416 1.03213 28.4926 0 0 1 1
1.02162 0.0179036 -19.5456 -0.0179036 1.02162 33.9084 0 0 1 1
1.00722 0.00464264 -12.0612 -0.00464264 1.00722 33.8303 0 0 1 1
1.02333 -2.01821e-06 -21.3942 2.01821e-06 1.02333 27.7309 0 0 1 1
0.996942 -0.00438254 -10.8536 0.00438254 0.996942 27.9598 0 0 1 1
1.01345 0.00441364 -16.7447 -0.00441364 1.01345 18.6748 0 0 1 1
0.999515 0.00915491 -10.1514 -0.00915491 0.999515 19.6042 0 0 1 1
0.985563 0.0237135 -3.97217 -0.0237135 0.985563 25.5373 0 0 1 1
0.985437 0.00414998 4.16663 -0.00414998 0.985437 6.0899 0 0 1 1
0.987151 -0.00739803 7.11884 0.00739803 0.987151 -7.32626 0 0 1 1
0.991041 -0.0121496 9.39972 0.0121496 0.991041 -16.7775 0 0 1 1
0.987753 -0.0143059 13.4905 0.0143059 0.987753 -23.7364 0 0 1 1
0.996519 -0.0103534 8.70227 0.0103534 0.996519 -29.2264 0 0 1 1
1.00988 -0.008508 1.56137 0.008508 1.00988 -33.781 0 0 1 1
0.993337 0.00247287 4.32385 -0.00247287 0.993337 -22.2911 0 0 1 1
0.991031 0.00431634 5.17822 -0.00431634 0.991031 -18.4793 0 0 1 1
0.99494 0.00603502 0.138214 -0.00603502 0.99494 -15.955 0 0 1 1
1.00021 0.00285363 -5.52267 -0.00285363 1.00021 -11.4713 0 0 1 1
0.993543 -0.00965251 -0.0462952 0.00965251 0.993543 -8.54053 0 0 1 1
0.999192 -0.00532631 -5.15759 0.00532631 0.999192 -5.22818 0 0 1 1
0.997128 -0.000218104 -6.92612 0.000218104 0.997128 1.30682 0 0 1 1
0.997949 0.00487198 -7.26755 -0.00487198 0.997949 5.4472 0 0 1 1
1.00047 -9.26062e-05 -1.51898 9.26062e-05 1.00047 2.37943 0 0 1 1
0.995753 0.0160856 2.46454 -0.0160856 0.995753 11.8023 0 0 1 1
1.0081 0.0038616 11.3304 -0.0038616 1.0081 5.7814 0 0 1 1
1.01383 0.00489616 9.8808 -0.00489616 1.01383 4.4321 0 0 1 1
1.01316 0.000153529 9.88251 -0.000153529 1.01316 2.36313 0 0 1 1
1.00765 0.00473273 12.1923 -0.00473273 1.00765 8.43378 0 0 1 1
1.00277 -0.00249253 21.146 0.00249253 1.00277 7.2359 0 0 1 1
1.00376 -0.00697196 20.1786 0.00697196 1.00376 -3.40192 0 0 1 1
1.01674 -0.000557808 13.403 0.000557808 1.01674 -4.47495 0 0 1 1
0.996814 0.0126579 22.451 -0.0126579 0.996814 6.60428 0 0 1 1
0.994601 -0.0104113 38.7173 0.0104113 0.994601 -8.88004 0 0 1 1
0.995552 -0.0257322 30.873 0.0257322 0.995552 -20.4998 0 0 1 1
1.00666 -0.0438283 7.00391 0.0438283 1.00666 -32.8459 0 0 1 1
1.00117 -0.0382552 -13.0854 0.0382552 1.00117 -23.2096 0 0 1 1
0.997043 -0.00892372 -26.2408 0.00892372 0.997043 1.36349 0 0 1 1
0.985235 0.00961273 -24.6701 -0.00961273 0.985235 13.1285 0 0 1 1
0.981242 0.00467307 -17.3013 -0.00467307 0.981242 7.30212 0 0 1 1
0.988134 -0.00201711 -16.8454 0.00201711 0.988134 -1.81299 0 0 1 1
0.982431 0.00878271 -20.8284 -0.00878271 0.982431 6.51602 0 0 1 1
0.995592 0.00898769 -26.5939 -0.00898769 0.995592 3.24234 0 0 1 1
0.980769 0.0158806 -23.1481 -0.0158806 0.980769 11.0049 0 0 1 1
0.985161 0.0174884 -28.9677 -0.0174884 0.985161 9.80771 0 0 1 1
0.990156 0.0206864 -31.864 -0.0206864 0.990156 10.0327 0 0 1 1
0.987771 0.0205293 -27.1735 -0.0205293 0.987771 12.1656 0 0 1 1
0.993776 0.0200093 -28.156 -0.0200093 0.993776 9.79602 0 0 1 1
0.99507 0.0174867 -23.0237 -0.0174867 0.99507 5.3588 0 0 1 1
1.00079 0.00882741 -15.5938 -0.00882741 1.00079 0.923157 0 0 1 1
0.992945 0.00786921 -5.18362 -0.00786921 0.992945 4.44461 0 0 1 1
0.993596 0.00165065 5.979 -0.00165065 0.993596 1.36261 0 0 1 1
0.996732 -0.000665126 11.7149 0.000665126 0.996732 -1.90332 0 0 1 1
1.00125 -0.00136125 12.9407 0.00136125 1.00125 -0.297821 0 0 1 1
1.00149 -0.00890681 18.5239 0.00890681 1.00149 -4.34067 0 0 1 1
1.00201 -0.0181248 26.4857 0.0181248 1.00201 -7.24652 0 0 1 1
1.00753 -0.0163891 30.9703 0.0163891 1.00753 -8.91791 0 0 1 1
1.01603 -0.0122445 29.4941 0.0122445 1.01603 -12.4649 0 0 1 1
1.01894 -0.00891805 28.3209 0.00891805 1.01894 -15.0009 0 0 1 1
1.02209 -0.00716083 28.4174 0.00716083 1.02209 -15.7221 0 0 1 1
1.00471 -0.0133198 35.235 0.0133198 1.00471 -8.39551 0 0 1 1
1.00685 -0.0157439 34.0523 0.0157439 1.00685 -9.84897 0 0 1 1
1.00298 -0.0293062 28.3652 0.0293062 1.00298 -13.5586 0 0 1 1
1.00011 -0.0285178 20.6582 0.0285178 1.00011 -12.7408 0 0 1 1
0.999784 -0.0247423 10.9453 0.0247423 0.999784 -11.3727 0 0 1 1
0.999292 -0.0145529 -0.145294 0.0145529 0.999292 -6.89371 0 0 1 1
0.998395 -0.00862027 -5.96964 0.00862027 0.998395 -3.11148 0 0 1 1
0.996255 -0.0158398 -6.8877 0.0158398 0.996255 -4.93591 0 0 1 1
0.994456 -0.00413918 -12.4242 0.00413918 0.994456 1.93015 0 0 1 1
0.988352 -0.00360075 -9.94821 0.00360075 0.988352 2.41388 0 0 1 1
0.991157 0.00146934 -14.6635 -0.00146934 0.991157 2.86432 0 0 1 1
0.997883 0.00392487 -19.154 -0.00392487 0.997883 2.77332 0 0 1 1
0.98707 0.00795959 -15.6917 -0.00795959 0.98707 7.55649 0 0 1 1
0.992369 0.00931535 -19.1046 -0.00931535 0.992369 6.35858 0 0 1 1
0.997555 0.00161908 -21.2991 -0.00161908 0.997555 2.56668 0 0 1 1
1.0018 0.00550564 -19.9166 -0.00550564 1.0018 5.25958 0 0 1 1
0.987484 0.00554039 -13.3043 -0.00554039 0.987484 7.52313 0 0 1 1
0.991145 0.0057664 -12.3972 -0.0057664 0.991145 4.06894 0 0 1 1
0.996422 0.00677052 -10.124 -0.00677052 0.996422 2.83298 0 0 1 1
0.9957 0.00798966 -7.06479 -0.00798966 0.9957 3.22061 0 0 1 1
0.997281 0.00780465 -5.18369 -0.00780465 0.997281 2.80902 0 0 1 1
0.998632 0.00432357 -2.2496 -0.00432357 0.998632 1.68909 0 0 1 1
0.997878 0.00408876 0.859894 -0.00408876 0.997878 1.92334 0 0 1 1
0.999051 0.00150395 6.31406 -0.00150395 0.999051 -0.0360718 0 0 1 1
0.99783 0.0056551 9.20953 -0.0056551 0.99783 0.946106 0 0 1 1
1.00348 -0.00137461 10.2578 0.00137461 1.00348 -4.23001 0 0 1 1
1.00384 -0.000282611 9.13608 0.000282611 1.00384 -4.77145 0 0 1 1
1.00222 0.00147504 7.0997 -0.00147504 1.00222 -2.35089 0 0 1 1
