0.999997 -0.00260586 0.51739 0.00260583 0.999997 -0.994186 0 0 1 1
0.999997 -0.00245818 0.624296 0.00245818 0.999997 -0.778142 0 0 1 1
0.999997 -0.00234216 1.0036 0.00234216 0.999997 -0.719091 0 0 1 1
0.999995 -0.00318873 1.50565 0.00318876 0.999995 -1.38649 0 0 1 1
0.999992 -0.00408074 1.56448 0.00408079 0.999992 -1.36609 0 0 1 1
0.999992 -0.004085 1.12119 0.00408503 0.999992 -1.17904 0 0 1 1
0.999994 -0.00343314 0.42014 0.00343312 0.999994 -1.0317 0 0 1 1
0.999997 -0.00261447 0.135353 0.00261447 0.999997 -0.879833 0 0 1 1
0.999997 -0.00244349 0.526092 0.00244349 0.999997 -1.00151 0 0 1 1
0.999995 -0.00319198 0.905457 0.00319199 0.999995 -1.36114 0 0 1 1
0.999993 -0.00372091 1.23359 0.00372088 0.999993 -1.41731 0 0 1 1
0.999989 -0.00458652 1.37237 0.00458655 0.999989 -1.80846 0 0 1 1
0.999986 -0.0053186 1.22878 0.0053186 0.999986 -2.1223 0 0 1 1
0.999986 -0.00534485 1.46508 0.00534482 0.999986 -2.02554 0 0 1 1
0.999988 -0.00496964 1.12921 0.00496964 0.999988 -1.9213 0 0 1 1
0.999991 -0.00415458 0.848759 0.00415458 0.999991 -1.71858 0 0 1 1
0.999993 -0.0037466 1.01683 0.0037466 0.999993 -1.61489 0 0 1 1
0.999991 -0.00420834 1.20683 0.00420834 0.999991 -1.77456 0 0 1 1
0.999991 -0.00420463 1.25249 0.00420463 0.999991 -1.8727 0 0 1 1
0.999989 -0.00471747 1.43636 0.0047175 0.999989 -1.91701 0 0 1 1
0.999985 -0.0055148 1.49296 0.00551482 0.999985 -2.14349 0 0 1 1
0.999984 -0.00560023 0.981007 0.00560021 0.999984 -2.3038 0 0 1 1
0.999983 -0.00578727 0.796754 0.00578727 0.999983 -2.39844 0 0 1 1
0.999979 -0.00646217 0.619374 0.00646219 0.999979 -2.69995 0 0 1 1
0.999983 -0.00583021 0.640709 0.00583024 0.999983 -2.27026 0 0 1 1
0.999983 -0.00576063 0.967183 0.00576063 0.999983 -2.21936 0 0 1 1
0.99998 -0.00630184 0.817131 0.00630184 0.99998 -2.21768 0 0 1 1
0.999984 -0.005687 0.459927 0.00568698 0.999984 -1.90079 0 0 1 1
0.999987 -0.00505437 0.589018 0.00505431 0.999987 -1.63327 0 0 1 1
0.999989 -0.00473784 0.714639 0.00473782 0.999989 -1.45543 0 0 1 1
0.999992 -0.00393513 0.700344 0.00393513 0.999992 -1.10673 0 0 1 1
0.999991 -0.00415492 0.621245 0.00415492 0.999991 -1.81203 0 0 1 1
0.999991 -0.00416127 0.38096 0.00416127 0.999991 -2.21203 0 0 1 1
0.999992 -0.00395331 0.295794 0.00395328 0.999992 -1.79119 0 0 1 1
0.999991 -0.00423852 0.108699 0.00423852 0.999991 -1.65306 0 0 1 1
0.99999 -0.00453696 0.355473 0.00453699 0.99999 -2.08916 0 0 1 1
0.999986 -0.00523962 0.834303 0.00523962 0.999986 -2.36522 0 0 1 1
0.99999 -0.00442415 0.960473 0.00442418 0.99999 -1.6936 0 0 1 1
0.999992 -0.0041095 0.805542 0.0041095 0.999992 -1.25642 0 0 1 1
0.999991 -0.00415283 0.711773 0.00415285 0.999991 -1.64515 0 0 1 1
0.99999 -0.00453758 0.658993 0.00453758 0.99999 -1.58635 0 0 1 1
0.999989 -0.0047051 0.463558 0.00470513 0.999989 -1.71798 0 0 1 1
0.999985 -0.00539613 0.447748 0.00539607 0.999985 -2.23882 0 0 1 1
0.999988 -0.00495149 0.159274 0.00495152 0.999988 -1.72123 0 0 1 1
0.999987 -0.00500068 -0.262442 0.00500067 0.999987 -1.31143 0 0 1 1
0.999989 -0.00465629 -0.438007 0.00465629 0.999989 -1.42891 0 0 1 1
0.99999 -0.00456531 0.308234 0.00456533 0.99999 -1.6189 0 0 1 1
0.999987 -0.00505304 0.911942 0.00505303 0.999987 -1.71371 0 0 1 1
0.999985 -0.00554708 1.24764 0.00554708 0.999985 -1.671 0 0 1 1
0.999979 -0.00647063 1.02132 0.00647063 0.999979 -2.11797 0 0 1 1
0.999978 -0.00670685 1.29313 0.00670685 0.999977 -2.86773 0 0 1 1
0.999978 -0.00668663 1.37651 0.00668661 0.999978 -2.73254 0 0 1 1
0.999978 -0.00669701 1.2207 0.00669701 0.999978 -2.64262 0 0 1 1
0.999971 -0.00766219 1.12854 0.00766219 0.999971 -2.76324 0 0 1 1
0.999963 -0.00860138 0.997862 0.00860138 0.999963 -2.9811 0 0 1 1
0.999965 -0.00835435 1.0846 0.00835434 0.999965 -2.63092 0 0 1 1
0.999974 -0.00722988 1.06835 0.00722987 0.999974 -2.30116 0 0 1 1
0.99998 -0.0062461 0.915112 0.00624609 0.99998 -1.79001 0 0 1 1
0.999982 -0.00604314 1.13763 0.00604315 0.999982 -1.73864 0 0 1 1
0.999984 -0.00572734 1.30323 0.00572735 0.999984 -1.98498 0 0 1 1
0.999986 -0.00535029 0.900156 0.00535028 0.999986 -1.17965 0 0 1 1
0.999988 -0.0048931 0.964917 0.0048931 0.999988 -1.1232 0 0 1 1
0.999981 -0.00615771 1.74005 0.00615769 0.999981 -1.87004 0 0 1 1
0.999977 -0.00682169 1.54525 0.00682169 0.999977 -2.07144 0 0 1 1
0.999979 -0.00645775 0.432817 0.00645775 0.999979 -1.93164 0 0 1 1
0.999984 -0.00564279 -0.581099 0.0056428 0.999984 -2.21053 0 0 1 1
0.999987 -0.00510152 -0.338058 0.00510152 0.999987 -2.20195 0 0 1 1
0.999987 -0.00501789 0.294349 0.00501791 0.999987 -2.44843 0 0 1 1
0.999988 -0.00488952 0.89664 0.00488953 0.999988 -2.04412 0 0 1 1
0.999977 -0.00680564 1.13836 0.00680564 0.999977 -2.1079 0 0 1 1
0.999976 -0.00686888 0.894334 0.0068689 0.999976 -2.05535 0 0 1 1
0.999973 -0.00731114 0.639277 0.00731116 0.999973 -2.18829 0 0 1 1
0.999974 -0.00714848 0.800705 0.00714849 0.999974 -1.92368 0 0 1 1
0.999962 -0.00873148 2.0891 0.00873146 0.999962 -3.12895 0 0 1 1
0.999952 -0.00977445 2.93189 0.00977445 0.999952 -3.99678 0 0 1 1
0.999946 -0.0104095 3.07934 0.0104095 0.999946 -3.73931 0 0 1 1
0.999937 -0.0112235 1.96655 0.0112235 0.999937 -2.80546 0 0 1 1
0.999937 -0.0112201 1.18794 0.0112201 0.999937 -1.74017 0 0 1 1
0.999931 -0.0117105 1.43834 0.0117105 0.999931 -1.93133 0 0 1 1
0.999934 -0.0114539 1.4354 0.0114539 0.999934 -1.91026 0 0 1 1
0.999927 -0.0121113 2.59199 0.0121113 0.999927 -2.26043 0 0 1 1
0.999902 -0.0139774 3.40674 0.0139774 0.999902 -3.40654 0 0 1 1
0.999858 -0.0168786 4.3904 0.0168786 0.999858 -4.24192 0 0 1 1
0.999819 -0.0190046 5.24626 0.0190046 0.999819 -5.84603 0 0 1 1
0.999795 -0.0202681 5.84759 0.0202681 0.999795 -6.45416 0 0 1 1
0.999842 -0.0177905 4.25318 0.0177905 0.999842 -4.98567 0 0 1 1
0.999854 -0.0170721 2.51422 0.0170721 0.999854 -4.3367 0 0 1 1
0.999846 -0.0175699 1.87527 0.0175699 0.999846 -4.61003 0 0 1 1
0.99986 -0.0167359 2.21297 0.0167359 0.99986 -5.13849 0 0 1 1
0.999845 -0.0176023 4.31861 0.0176023 0.999845 -6.78648 0 0 1 1
0.999848 -0.0174056 5.48015 0.0174055 0.999849 -7.82412 0 0 1 1
0.999848 -0.0174291 5.30072 0.0174291 0.999848 -6.99228 0 0 1 1
0.999882 -0.0153557 4.30591 0.0153557 0.999882 -5.20983 0 0 1 1
0.99989 -0.0148199 3.51756 0.0148199 0.99989 -5.194 0 0 1 1
0.99988 -0.0154878 2.95119 0.0154879 0.99988 -5.40365 0 0 1 1
0.99988 -0.0154908 2.06137 0.0154908 0.99988 -4.24474 0 0 1 1
0.999887 -0.0150425 1.21271 0.0150425 0.999887 -3.39292 0 0 1 1
0.999888 -0.014946 2.05417 0.014946 0.999888 -3.94926 0 0 1 1
0.999882 -0.0153505 2.69157 0.0153506 0.999882 -4.90319 0 0 1 1
0.999866 -0.0163858 3.0785 0.0163857 0.999866 -5.73919 0 0 1 1
0.999849 -0.0173707 3.0893 0.0173707 0.999849 -6.4736 0 0 1 1
0.999845 -0.0176238 2.94753 0.0176238 0.999845 -7.32769 0 0 1 1
0.99981 -0.0195129 2.67284 0.019513 0.99981 -8.47279 0 0 1 1
0.999791 -0.0204236 2.18763 0.0204236 0.999791 -7.98312 0 0 1 1
0.999763 -0.0217516 2.3952 0.0217516 0.999763 -7.51011 0 0 1 1
0.99977 -0.0214272 3.20896 0.0214272 0.99977 -7.7592 0 0 1 1
0.999714 -0.0239325 4.38846 0.0239324 0.999714 -9.53244 0 0 1 1
0.999661 -0.0260496 4.86262 0.0260496 0.999661 -9.43902 0 0 1 1
0.999707 -0.0241921 4.5087 0.0241921 0.999707 -9.12083 0 0 1 1
0.999644 -0.0266756 4.59653 0.0266756 0.999644 -11.6036 0 0 1 1
0.999638 -0.0268909 4.47506 0.0268909 0.999638 -11.7973 0 0 1 1
0.999726 -0.0233963 4.4384 0.0233963 0.999726 -9.74569 0 0 1 1
0.999794 -0.0203151 4.29486 0.0203152 0.999794 -7.58498 0 0 1 1
0.999798 -0.0201027 3.86126 0.0201026 0.999798 -7.53989 0 0 1 1
0.999863 -0.0165435 1.98734 0.0165434 0.999863 -6.36086 0 0 1 1
0.999886 -0.0151143 2.27436 0.0151143 0.999886 -5.94848 0 0 1 1
0.999915 -0.0130168 1.24459 0.0130168 0.999915 -4.72289 0 0 1 1
0.999934 -0.0114906 1.26176 0.0114906 0.999934 -4.49549 0 0 1 1
0.999932 -0.0116857 1.35069 0.0116858 0.999932 -5.33458 0 0 1 1
0.999932 -0.0116358 1.05088 0.0116358 0.999932 -5.36267 0 0 1 1
0.999955 -0.00945327 0.745285 0.0094533 0.999955 -3.24825 0 0 1 1
0.999976 -0.00690162 0.794728 0.00690162 0.999976 -1.69892 0 0 1 1
0.99998 -0.00637069 1.53146 0.00637066 0.99998 -1.72168 0 0 1 1
0.99998 -0.00639623 1.84468 0.00639623 0.99998 -1.58843 0 0 1 1
0.99998 -0.00631213 2.50597 0.00631207 0.99998 -1.5548 0 0 1 1
0.999979 -0.00643021 2.57908 0.00643024 0.999979 -2.26617 0 0 1 1
0.99998 -0.00628829 2.49779 0.00628829 0.99998 -2.1248 0 0 1 1
0.999978 -0.00665945 1.51265 0.00665954 0.999978 -2.42645 0 0 1 1
0.99998 -0.00638139 0.138549 0.00638133 0.99998 -1.72817 0 0 1 1
0.999987 -0.00514942 -0.59481 0.00514945 0.999987 -1.26487 0 0 1 1
0.999986 -0.0052686 -0.715038 0.0052686 0.999986 -1.33027 0 0 1 1
0.999993 -0.00369203 -1.37331 0.003692 0.999993 -1.0603 0 0 1 1
0.999996 -0.00289443 -0.972825 0.0028944 0.999996 -1.24306 0 0 1 1
0.999997 -0.00239512 -0.998226 0.00239515 0.999997 -0.8792 0 0 1 1
0.999999 -0.0016177 -1.21841 0.00161773 0.999999 -0.452502 0 0 1 1
0.999999 -0.00157049 -1.00763 0.00157052 0.999999 -0.401591 0 0 1 1
0.999999 -0.00158212 -1.22106 0.00158212 0.999999 -0.65863 0 0 1 1
1 0.000477016 -1.44321 -0.000477046 1 -0.387046 0 0 1 1
1 -0.000542819 -1.19445 0.00054276 1 -0.629559 0 0 1 1
1 0.000208408 -1.36587 -0.000208437 1 -0.263245 0 0 1 1
1 0.000677198 -1.07239 -0.000677168 1 -0.221634 0 0 1 1
0.999999 0.00147727 -0.45239 -0.00147726 0.999999 0.541967 0 0 1 1
0.999999 0.00164792 0.451842 -0.00164792 0.999999 0.990393 0 0 1 1
1 -0.000570267 2.52448 0.000570267 1 -0.220304 0 0 1 1
0.999998 -0.00196263 2.5935 0.00196263 0.999998 -0.30718 0 0 1 1
0.999995 -0.00317779 2.06583 0.00317773 0.999995 -0.537983 0 0 1 1
0.999989 -0.00459057 1.28066 0.00459057 0.99999 -1.04313 0 0 1 1
0.999994 -0.00355151 -0.147496 0.00355154 0.999994 -0.806571 0 0 1 1
0.999997 -0.00251204 -0.516089 0.00251204 0.999997 -0.952586 0 0 1 1
1 -0.000462741 -1.34339 0.000462741 1 -0.558738 0 0 1 1
0.999998 0.00209346 -1.80056 -0.00209352 0.999998 0.219674 0 0 1 1
0.999995 0.00323167 -1.68755 -0.00323167 0.999995 0.50804 0 0 1 1
0.999991 0.00431225 -1.60488 -0.00431222 0.999991 0.675826 0 0 1 1
0.999987 0.00502741 -1.26852 -0.00502735 0.999987 0.812229 0 0 1 1
0.99999 0.00453255 -0.82786 -0.00453252 0.99999 0.410016 0 0 1 1
0.999986 0.00529915 -0.740942 -0.00529909 0.999986 0.781126 0 0 1 1
0.999985 0.00543976 -0.646991 -0.00543976 0.999985 1.48531 0 0 1 1
0.999972 0.00750607 -2.06427 -0.00750604 0.999972 2.72758 0 0 1 1
0.999961 0.00883287 -2.59473 -0.00883293 0.999961 3.55097 0 0 1 1
0.999967 0.00818878 -2.37424 -0.00818875 0.999966 3.56214 0 0 1 1
0.999967 0.00814512 -2.0217 -0.00814506 0.999967 3.17178 0 0 1 1
0.999979 0.00653708 -0.805711 -0.00653708 0.999979 2.10335 0 0 1 1
0.999987 0.00506026 -0.0110422 -0.00506023 0.999987 1.74437 0 0 1 1
0.999992 0.0040063 -0.0736846 -0.00400627 0.999992 1.03849 0 0 1 1
0.999995 0.00331193 -0.731409 -0.00331193 0.999995 0.786955 0 0 1 1
0.999988 0.00481433 -1.75697 -0.00481436 0.999988 1.766 0 0 1 1
0.999981 0.00616583 -2.47289 -0.00616589 0.999981 2.20272 0 0 1 1
0.999972 0.00746164 -2.8055 -0.00746158 0.999972 2.69282 0 0 1 1
0.999956 0.00937253 -2.81658 -0.00937253 0.999956 3.23972 0 0 1 1
0.999955 0.00948311 -1.94238 -0.00948317 0.999955 3.08255 0 0 1 1
0.999953 0.0097082 -1.20734 -0.00970817 0.999953 2.9469 0 0 1 1
0.999933 0.011583 -0.859159 -0.011583 0.999933 3.56308 0 0 1 1
0.999932 0.0116289 -1.35053 -0.0116289 0.999932 3.68146 0 0 1 1
0.999956 0.00936475 -2.92675 -0.00936474 0.999956 2.83369 0 0 1 1
0.999969 0.0078865 -3.50342 -0.00788653 0.999969 2.8011 0 0 1 1
0.999963 0.00857241 -3.77087 -0.00857241 0.999963 3.1928 0 0 1 1
0.999959 0.00901717 -3.1585 -0.00901717 0.999959 3.82693 0 0 1 1
0.999967 0.0080706 -2.52688 -0.00807062 0.999967 3.25104 0 0 1 1
0.999978 0.00667986 -2.13268 -0.00667989 0.999978 3.14524 0 0 1 1
0.999985 0.00539011 -1.89236 -0.00539008 0.999985 2.55643 0 0 1 1
0.999988 0.00497946 -1.74299 -0.00497946 0.999988 2.25327 0 0 1 1
0.999987 0.00518131 -1.02038 -0.00518131 0.999987 2.25276 0 0 1 1
0.999991 0.00413825 -0.877204 -0.00413825 0.999991 1.78697 0 0 1 1
0.999986 0.00534695 -1.62611 -0.00534695 0.999986 2.61142 0 0 1 1
0.99998 0.00625607 -0.974251 -0.00625607 0.99998 2.94272 0 0 1 1
0.999981 0.00610192 -0.228418 -0.00610195 0.999981 2.55989 0 0 1 1
0.999978 0.00668173 0.605806 -0.00668173 0.999978 2.4729 0 0 1 1
0.999964 0.00852069 0.878549 -0.00852068 0.999964 3.64262 0 0 1 1
0.99997 0.00772426 1.24849 -0.00772426 0.99997 3.77904 0 0 1 1
0.999966 0.00822708 -0.580777 -0.00822708 0.999966 4.14102 0 0 1 1
0.999969 0.00786261 -1.07208 -0.00786263 0.999969 3.43393 0 0 1 1
0.999964 0.00848976 -0.621921 -0.00848974 0.999964 3.63338 0 0 1 1
0.999974 0.00721973 0.188901 -0.00721973 0.999974 2.72335 0 0 1 1
0.999979 0.00647855 0.224745 -0.00647858 0.999979 2.32889 0 0 1 1
0.999985 0.00556636 -1.16666 -0.00556636 0.999985 1.76934 0 0 1 1
0.999975 0.00712338 -1.98867 -0.00712335 0.999975 2.96528 0 0 1 1
0.999967 0.00813383 -2.1195 -0.00813386 0.999967 4.86269 0 0 1 1
0.999937 0.0112614 -2.3236 -0.0112613 0.999937 5.28609 0 0 1 1
0.999924 0.0123587 -1.98289 -0.0123587 0.999924 4.15449 0 0 1 1
0.999919 0.0127547 -1.49458 -0.0127547 0.999919 4.53994 0 0 1 1
0.99994 0.0109753 -1.8112 -0.0109753 0.99994 5.2401 0 0 1 1
0.999929 0.011886 -2.50172 -0.0118859 0.999929 5.73668 0 0 1 1
0.999946 0.0104192 -2.87972 -0.0104192 0.999946 4.275 0 0 1 1
0.999937 0.0112701 -4.16329 -0.0112701 0.999937 3.54842 0 0 1 1
0.99995 0.00994915 -4.1617 -0.00994915 0.99995 2.14476 0 0 1 1
0.999956 0.00933978 -3.42214 -0.00933979 0.999956 2.92715 0 0 1 1
0.999951 0.00988458 -3.22905 -0.00988461 0.999951 3.27712 0 0 1 1
0.999959 0.00909139 -2.61589 -0.00909139 0.999959 3.51287 0 0 1 1
0.999978 0.00665063 -2.16522 -0.00665064 0.999978 2.37023 0 0 1 1
0.999968 0.00796942 -1.56582 -0.00796945 0.999968 2.90393 0 0 1 1
0.999975 0.00700381 -1.2808 -0.00700383 0.999976 2.8024 0 0 1 1
0.999975 0.00710672 -2.30446 -0.00710672 0.999975 3.09136 0 0 1 1
0.999967 0.00807923 -2.73106 -0.00807922 0.999967 3.43555 0 0 1 1
0.999965 0.00832032 -2.93716 -0.0083203 0.999965 3.23332 0 0 1 1
0.999956 0.00942162 -3.5002 -0.00942162 0.999956 3.94424 0 0 1 1
0.999927 0.0120892 -3.90825 -0.0120892 0.999927 4.48407 0 0 1 1
0.999931 0.0117788 -2.90445 -0.0117788 0.999931 3.41749 0 0 1 1
0.999927 0.0121068 -2.61319 -0.0121068 0.999927 3.70918 0 0 1 1
0.999929 0.0119325 -2.37252 -0.0119325 0.999929 4.0037 0 0 1 1
0.999937 0.0112094 -3.35343 -0.0112094 0.999937 3.44809 0 0 1 1
0.999934 0.0115196 -3.72006 -0.0115196 0.999934 4.5253 0 0 1 1
0.999933 0.0116068 -2.94944 -0.0116068 0.999933 4.16053 0 0 1 1
0.999933 0.011535 -2.63316 -0.011535 0.999933 4.93776 0 0 1 1
0.999898 0.0142508 -3.21642 -0.0142508 0.999898 7.09652 0 0 1 1
0.999905 0.0138041 -3.30123 -0.0138041 0.999905 6.52167 0 0 1 1
0.99992 0.0126318 -2.38624 -0.0126318 0.99992 5.50357 0 0 1 1
0.999925 0.0122031 -2.6548 -0.0122031 0.999925 5.64367 0 0 1 1
0.999942 0.0107241 -2.72917 -0.0107241 0.999942 4.13064 0 0 1 1
0.999952 0.00974517 -1.48782 -0.0097452 0.999952 2.61846 0 0 1 1
0.999952 0.00981128 -0.733247 -0.00981128 0.999952 3.18048 0 0 1 1
0.999951 0.00987585 -0.59768 -0.00987585 0.999951 3.17134 0 0 1 1
0.999967 0.00812966 -0.695531 -0.00812966 0.999967 2.82363 0 0 1 1
0.999967 0.00812899 -1.28468 -0.00812899 0.999967 2.703 0 0 1 1
0.999965 0.00838571 -1.66269 -0.00838571 0.999965 3.34325 0 0 1 1
0.999977 0.00672419 -1.36009 -0.00672419 0.999977 1.93904 0 0 1 1
0.999983 0.00580552 -1.36804 -0.00580551 0.999983 1.65172 0 0 1 1
0.99998 0.00625925 -0.787979 -0.00625925 0.99998 1.21032 0 0 1 1
0.999985 0.00550485 -0.253829 -0.00550485 0.999985 1.06007 0 0 1 1
0.999983 0.00580507 -0.467043 -0.00580508 0.999983 0.80909 0 0 1 1
0.999988 0.00488904 -0.672018 -0.00488907 0.999988 1.59529 0 0 1 1
0.999989 0.00463035 -0.684861 -0.00463035 0.999989 1.84288 0 0 1 1
0.999992 0.003868 -0.565088 -0.00386799 0.999993 1.28855 0 0 1 1
0.999992 0.00401657 -0.666237 -0.00401656 0.999992 1.23995 0 0 1 1
0.99999 0.00442271 -1.03882 -0.00442272 0.99999 1.25256 0 0 1 1
0.99999 0.00458087 -0.592347 -0.00458087 0.99999 1.21615 0 0 1 1
0.999995 0.00301296 -0.384164 -0.00301296 0.999995 0.850419 0 0 1 1
0.999996 0.00267789 -0.665936 -0.00267789 0.999996 0.332956 0 0 1 1
0.999996 0.00268267 -0.812164 -0.00268267 0.999996 0.406457 0 0 1 1
0.999996 0.00293195 -1.0474 -0.00293195 0.999996 -0.0285075 0 0 1 1
0.999994 0.00332925 -0.741445 -0.00332927 0.999994 0.441552 0 0 1 1
0.999998 0.00212008 -0.461514 -0.00212008 0.999998 0.492205 0 0 1 1
0.999995 0.0030601 -0.857642 -0.0030601 0.999995 0.869423 0 0 1 1
0.999996 0.00295769 -1.21284 -0.0029577 0.999996 1.25573 0 0 1 1
0.999996 0.0029129 -1.35543 -0.0029129 0.999996 1.51371 0 0 1 1
0.999999 0.00162829 -1.19384 -0.00162828 0.999999 0.834156 0 0 1 1
0.999998 0.00217114 -0.936749 -0.00217114 0.999998 1.18904 0 0 1 1
0.999997 0.0022729 -0.465954 -0.0022729 0.999997 0.689936 0 0 1 1
1 0.000744656 -0.385757 -0.000744656 1 -0.130154 0 0 1 1
1 0.000414357 -0.713811 -0.000414357 1 0.0712084 0 0 1 1
1 -0.000378042 -0.853913 0.000378035 1 0.185385 0 0 1 1
1 -0.000572212 -0.282217 0.000572208 1 0.110567 0 0 1 1
1 -0.000907004 0.495013 0.000907019 1 -0.270689 0 0 1 1
0.999997 -0.00262717 0.489635 0.00262717 0.999997 -0.801574 0 0 1 1
0.999998 -0.00215857 -0.317259 0.00215858 0.999998 -0.741197 0 0 1 1
0.999996 -0.00280514 -0.235905 0.00280514 0.999996 -0.840653 0 0 1 1
0.999996 -0.00265624 0.0846961 0.00265625 0.999996 -0.352086 0 0 1 1
0.999995 -0.00306589 -0.0102131 0.00306589 0.999995 -0.566923 0 0 1 1
0.999997 -0.00229067 -0.366289 0.00229066 0.999997 -0.549438 0 0 1 1
1 -0.000714108 0.0685786 0.000714123 1 -0.741435 0 0 1 1
1 -0.000231016 0.525032 0.000231013 1 -0.53125 0 0 1 1
1 -0.000538826 0.273453 0.000538826 1 -0.611051 0 0 1 1
0.999999 -0.00105506 -0.194863 0.00105506 0.999999 -0.344409 0 0 1 1
0.999998 -0.00186016 -0.386728 0.00186015 0.999998 -0.710799 0 0 1 1
0.999999 -0.00134337 0.151131 0.00134336 0.999999 -0.670036 0 0 1 1
1 -0.00066311 0.597567 0.00066311 1 -0.264493 0 0 1 1
1 -0.000676448 0.600782 0.000676449 1 -0.397375 0 0 1 1
1 -0.000374008 -0.0198004 0.00037401 1 -0.191354 0 0 1 1
1 -0.000316903 -0.511968 0.000316907 1 -0.340912 0 0 1 1
1 0.00037821 -0.229859 -0.00037821 1 -0.475412 0 0 1 1
1 0.000216737 0.311252 -0.000216737 1 -0.43812 0 0 1 1
1 0.000138231 0.28154 -0.000138231 1 -0.0882874 0 0 1 1
1 -0.000501249 -0.036567 0.000501249 1 -0.0249205 0 0 1 1
1 -0.000726993 -0.384999 0.000726995 1 -0.155624 0 0 1 1
1 -3.17544e-05 -0.0502577 3.17618e-05 1 -0.253448 0 0 1 1
0.999999 0.00113415 0.115485 -0.00113415 0.999999 -0.0986458 0 0 1 1
0.999999 0.00147949 -0.43143 -0.00147948 0.999999 0.163611 0 0 1 1
0.999999 0.00166151 -0.448076 -0.00166151 0.999999 0.563182 0 0 1 1
0.999999 0.00123287 0.0140733 -0.00123286 0.999999 0.208842 0 0 1 1
1 0.000245969 0.49333 -0.000245969 1 -0.390237 0 0 1 1
0.999999 -0.000995725 1.06702 0.000995748 1 -0.713334 0 0 1 1
1 -0.000855118 0.233105 0.000855118 1 -0.40597 0 0 1 1
1 -0.00079773 0.0515247 0.000797734 1 -0.0634941 0 0 1 1
1 -0.000336289 0.367839 0.000336295 1 0.160381 0 0 1 1
1 -0.000445809 0.785911 0.000445817 1 -0.308704 0 0 1 1
1 -0.000861686 0.115101 0.000861686 1 -0.282861 0 0 1 1
1 -0.000566386 -0.114752 0.000566386 1 0.126466 0 0 1 1
1 -0.000829086 0.11638 0.000829087 1 -0.0976437 0 0 1 1
1 -0.000547945 0.549439 0.000547945 1 -0.310321 0 0 1 1
0.999999 -0.000978049 0.764818 0.000978045 0.999999 -0.633137 0 0 1 1
0.999999 -0.00113889 0.583345 0.00113889 0.999999 -0.467999 0 0 1 1
0.999999 -0.00112106 -0.174451 0.00112106 0.999999 -0.355569 0 0 1 1
1 -0.000614161 -0.24443 0.000614163 1 -0.0399974 0 0 1 1
1 -0.000863153 0.0582876 0.000863153 1 -0.23843 0 0 1 1
1 -0.000580106 0.194318 0.000580106 1 -0.281888 0 0 1 1
1 -0.000719436 0.559456 0.000719436 1 -0.577927 0 0 1 1
1 -0.000190968 -0.188775 0.000190964 1 -0.220764 0 0 1 1
1 2.7027e-05 -0.612316 -2.7027e-05 1 -0.0534973 0 0 1 1
1 0.000861799 -0.274603 -0.000861799 1 0.338352 0 0 1 1
1 9.70885e-05 0.203298 -9.70885e-05 1 -0.161743 0 0 1 1
1 -0.000299677 0.135397 0.000299677 1 -0.302754 0 0 1 1
1 -0.000373654 0.151333 0.00037365 1 -0.371358 0 0 1 1
1 -0.000339545 0.0583577 0.000339549 1 -0.175302 0 0 1 1
1 -7.89426e-05 0.220445 7.89426e-05 1 -0.347809 0 0 1 1
1 -0.000297409 0.218361 0.000297409 1 -0.492227 0 0 1 1
1 0.000385523 0.0362355 -0.000385519 1 -0.11676 0 0 1 1
1 0.000170495 0.0794786 -0.000170495 1 0.155029 0 0 1 1
1 0.000130072 0.0285397 -0.000130072 1 0.356812 0 0 1 1
1 -3.5584e-05 0.282579 3.55765e-05 1 -0.0606995 0 0 1 1
1 -0.000207871 0.246162 0.000207856 1 -0.189066 0 0 1 1
1 -0.000402987 0.336288 0.000402972 1 -0.337291 0 0 1 1
1 -0.000773922 0.509991 0.000773907 1 -0.463216 0 0 1 1
1 -0.000706807 0.142515 0.000706822 1 -0.14732 0 0 1 1
1 -0.000132449 -0.220924 0.000132434 1 0.20636 0 0 1 1
1 -0.00011909 -0.169703 0.000119105 1 -0.152231 0 0 1 1
1 0.000559479 0.134 -0.000559479 1 0.101746 0 0 1 1
1 -3.63141e-05 -0.0815762 3.62992e-05 1 -0.168376 0 0 1 1
1 -0.000238575 -0.47125 0.000238575 1 0.0954285 0 0 1 1
1 -0.000355437 -0.613591 0.000355482 1 0.233978 0 0 1 1
1 -0.000408828 -0.519334 0.000408858 1 0.0296215 0 0 1 1
1 -0.000417992 0.135007 0.000417992 1 -0.301799 0 0 1 1
1 -0.000467613 0.154946 0.000467628 1 -0.321564 0 0 1 1
1 -7.92742e-06 -0.0138989 7.91252e-06 1 0.205739 0 0 1 1
1 -0.000583246 -0.350009 0.000583217 1 -0.439128 0 0 1 1
0.999998 -0.00202483 -1.05261 0.00202483 0.999998 -1.32944 0 0 1 1
1 -0.000799112 -3.17073 0.000799114 1 -2.33003 0 0 1 1
1 0.000203226 -3.20982 -0.000203218 1 -2.15705 0 0 1 1
1 0.000721026 -1.18364 -0.000721026 1 0.064058 0 0 1 1
0.999998 0.00183338 0.420842 -0.00183338 0.999998 1.82086 0 0 1 1
0.999997 -0.00241196 0.442903 0.00241196 0.999997 -0.969849 0 0 1 1
1 -0.000241231 -1.72533 0.000241231 1 0.847137 0 0 1 1
1 0.000111405 -2.16335 -0.000111394 1 1.90558 0 0 1 1
0.999999 -0.00170557 0.113117 0.00170556 0.999998 1.42587 0 0 1 1
0.999997 -0.00238172 2.06929 0.00238172 0.999997 1.07922 0 0 1 1
0.999998 -0.00210608 2.08194 0.00210607 0.999998 1.87715 0 0 1 1
0.999995 -0.00327292 0.418852 0.00327292 0.999995 -0.549002 0 0 1 1
1 0.0004743 0.114576 -0.000474304 1 1.48125 0 0 1 1
0.999999 -0.00116649 3.42766 0.00116649 0.999999 1.67081 0 0 1 1
0.999997 -0.00228488 2.301 0.00228489 0.999997 -3.69756 0 0 1 1
1 -0.000385717 -0.314062 0.000385687 1 -3.92078 0 0 1 1
0.999995 0.00309432 -3.2814 -0.00309432 0.999995 -1.68612 0 0 1 1
1 0.000651114 -2.75986 -0.000651099 1 -2.36472 0 0 1 1
1 -3.39746e-05 -0.318696 3.39895e-05 1 -3.15082 0 0 1 1
1 0.000815596 -0.112377 -0.0008156 1 -2.95761 0 0 1 1
1 0.000983842 -0.531229 -0.000983842 1 -2.80877 0 0 1 1
1 0.000311734 0.117779 -0.000311734 1 -1.27311 0 0 1 1
0.99998 0.00640702 -4.36511 -0.00640702 0.99998 1.47207 0 0 1 1
0.999991 0.00415351 -4.39355 -0.0041535 0.999991 1.65744 0 0 1 1
0.999991 0.00433937 -10.9934 -0.00433937 0.999991 2.98171 0 0 1 1
0.999991 -0.00428971 -6.51771 0.0042897 0.999991 1.77836 0 0 1 1
0.999999 -0.00167927 -3.29003 0.00167926 0.999999 0.491992 0 0 1 1
0.999996 -0.0027938 -1.66821 0.00279379 0.999996 -1.01532 0 0 1 1
1 -0.000838816 -1.03744 0.000838846 1 -0.76474 0 0 1 1
1 -0.000747681 -0.758474 0.000747681 1 -1.01656 0 0 1 1
0.999996 -0.00286582 -0.744088 0.00286582 0.999996 0.91118 0 0 1 1
1 0.000308394 -1.97781 -0.000308394 1 3.38158 0 0 1 1
1 -0.00026504 0.29526 0.000265047 1 1.44998 0 0 1 1
0.999993 0.00385157 2.13119 -0.00385157 0.999993 -0.316445 0 0 1 1
0.999988 0.0048437 2.80208 -0.00484373 0.999988 0.261503 0 0 1 1
0.999972 0.00740713 1.79698 -0.00740713 0.999972 4.32001 0 0 1 1
0.999957 0.00927599 -0.116233 -0.00927599 0.999957 4.14299 0 0 1 1
0.999983 0.00576968 -1.44547 -0.00576966 0.999983 3.12275 0 0 1 1
0.99999 0.00454761 -2.88445 -0.0045476 0.99999 3.55432 0 0 1 1
1 -0.000668103 -0.0569482 0.000668105 1 2.02313 0 0 1 1
1 0.000466654 1.01946 -0.000466656 1 0.420882 0 0 1 1
1 -0.000375062 1.5776 0.000375062 1 -1.74014 0 0 1 1
0.999999 0.00133718 -0.871258 -0.00133718 0.999999 -1.71044 0 0 1 1
0.999999 0.00146706 -0.0343837 -0.00146706 0.999999 0.67514 0 0 1 1
0.99998 0.00626003 -1.24153 -0.00626003 0.99998 2.01167 0 0 1 1
0.999989 0.00476462 -2.30367 -0.00476462 0.999989 1.54006 0 0 1 1
0.999996 0.00267001 -2.18385 -0.00267001 0.999996 0.102661 0 0 1 1
0.999992 0.00408068 -2.32851 -0.00408065 0.999992 1.15195 0 0 1 1
1 -0.000491098 1.11532 0.000491098 1 -1.05233 0 0 1 1
0.999999 -0.00125998 0.025909 0.00126 0.999999 -1.2323 0 0 1 1
0.999995 -0.00318821 0.165913 0.00318819 0.999995 -0.497073 0 0 1 1
1 -0.000657097 -1.78857 0.000657097 1 0.813815 0 0 1 1
0.999999 -0.00162962 -4.16675 0.00162962 0.999999 0.705948 0 0 1 1
0.999999 -0.0016159 -4.93243 0.00161591 0.999999 -0.789402 0 0 1 1
0.999996 0.00277643 -3.55104 -0.00277643 0.999996 0.359319 0 0 1 1
0.999999 0.0015464 -0.794041 -0.0015464 0.999999 -0.0185684 0 0 1 1
1 0.000654534 1.1397 -0.000654526 1 -0.664619 0 0 1 1
0.999999 -0.00159323 1.94164 0.00159323 0.999999 -0.66869 0 0 1 1
0.999999 -0.00160789 1.00022 0.00160789 0.999999 -0.41354 0 0 1 1
0.999999 0.00132141 -0.77028 -0.00132143 0.999999 0.400704 0 0 1 1
0.999999 -0.00159882 -0.812874 0.00159882 0.999999 -1.06882 0 0 1 1
0.999993 -0.0036844 -0.866746 0.00368443 0.999993 -1.38517 0 0 1 1
1 -0.00068447 -1.67179 0.00068447 1 0.172593 0 0 1 1
1 -0.000582457 -1.08322 0.000582457 1 0.567675 0 0 1 1
0.999999 -0.00109051 -1.05325 0.00109051 0.999999 -0.631043 0 0 1 1
0.99999 0.00451517 -1.93245 -0.00451517 0.99999 -0.421081 0 0 1 1
0.999991 0.00435017 0.427176 -0.00435017 0.999991 -0.67101 0 0 1 1
0.999993 0.00368224 1.55368 -0.00368224 0.999993 -0.35527 0 0 1 1
0.999997 0.00244029 1.8615 -0.00244029 0.999997 -0.742991 0 0 1 1
1 0.000868313 3.23215 -0.000868313 1 -0.960288 0 0 1 1
0.999994 0.00349523 1.69237 -0.00349524 0.999994 -0.586332 0 0 1 1
0.999988 0.00498676 -0.694274 -0.00498676 0.999988 -0.139687 0 0 1 1
0.999999 0.00154117 -2.47601 -0.00154115 0.999999 -0.302711 0 0 1 1
0.999998 -0.00185999 -3.19296 0.00185999 0.999998 -0.0820923 0 0 1 1
1 -0.000342995 -3.58815 0.000343025 1 1.19606 0 0 1 1
0.999997 -0.00222853 -1.72019 0.00222854 0.999998 0.0980438 0 0 1 1
0.999998 -0.00204712 -0.832431 0.00204709 0.999998 0.113354 0 0 1 1
0.999998 -0.00214337 -0.235746 0.00214337 0.999998 0.176126 0 0 1 1
1 -0.000779331 -0.460138 0.000779331 1 -0.248537 0 0 1 1
0.999999 -0.00141391 -0.534164 0.00141385 0.999999 0.242476 0 0 1 1
1 -0.000333384 -1.43358 0.000333384 1 1.13651 0 0 1 1
0.999999 -0.00117254 -1.99887 0.00117254 0.999999 0.231331 0 0 1 1
0.999996 -0.00266871 -0.44791 0.00266871 0.999996 -1.13389 0 0 1 1
0.999999 -0.00172428 0.954371 0.00172428 0.999998 -1.52089 0 0 1 1
0.999993 -0.00373949 2.13055 0.00373949 0.999993 -2.03694 0 0 1 1
0.999996 -0.00280866 1.99232 0.00280866 0.999996 -1.97764 0 0 1 1
0.999995 -0.00311815 1.40859 0.00311816 0.999995 -1.93509 0 0 1 1
0.999999 -0.00165653 0.620966 0.0016565 0.999999 -0.84005 0 0 1 1
0.999995 -0.00330897 1.21444 0.00330898 0.999995 -1.67361 0 0 1 1
0.999991 -0.00425856 1.87932 0.00425853 0.999991 -1.56868 0 0 1 1
0.99999 -0.00448842 2.09582 0.00448842 0.99999 -2.99449 0 0 1 1
0.999992 -0.00391303 2.16494 0.00391303 0.999992 -2.16349 0 0 1 1
0.999997 -0.00247905 2.08256 0.00247903 0.999997 -1.63181 0 0 1 1
0.999989 -0.00458708 2.39866 0.00458708 0.999989 -2.77974 0 0 1 1
0.999997 -0.00236306 1.77607 0.00236306 0.999997 -2.25456 0 0 1 1
1 -8.79914e-06 0.814298 8.80659e-06 1 0.257314 0 0 1 1
1 0.000633933 -0.0331733 -0.000633933 1 -0.0981428 0 0 1 1
0.999999 0.00157069 -0.306732 -0.00157069 0.999999 -0.701167 0 0 1 1
0.999998 0.00192617 0.474946 -0.0019262 0.999998 0.332612 0 0 1 1
0.999998 0.00189375 0.545403 -0.00189374 0.999998 0.498405 0 0 1 1
0.999992 0.00402907 -0.376685 -0.00402907 0.999992 -1.1525 0 0 1 1
0.999995 0.00306847 -0.0749201 -0.00306847 0.999995 -0.541241 0 0 1 1
0.999999 -0.00113967 0.921386 0.0011397 0.999999 -0.569468 0 0 1 1
0.999993 -0.00378683 0.883276 0.00378683 0.999993 1.06566 0 0 1 1
0.999999 -0.00165468 0.800989 0.00165469 0.999999 0.862719 0 0 1 1
0.999992 0.0038726 -0.193457 -0.00387262 0.999992 -0.711795 0 0 1 1
0.999995 0.00313279 0.101213 -0.0031328 0.999995 -2.27576 0 0 1 1
1 -0.00101091 1.714 0.0010109 0.999999 -0.834227 0 0 1 1
0.999999 -0.00129753 1.8734 0.00129755 0.999999 -0.194201 0 0 1 1
1 0.000240777 0.471999 -0.000240777 1 1.25436 0 0 1 1
0.999998 0.00222112 -0.995893 -0.00222112 0.999998 0.390984 0 0 1 1
0.99999 0.00449206 -0.81895 -0.00449204 0.99999 -0.257363 0 0 1 1
0.999995 0.003146 1.99989 -0.003146 0.999995 -0.715185 0 0 1 1
0.999999 -0.00136539 3.76146 0.00136536 0.999999 -0.849058 0 0 1 1
0.999992 -0.00406949 3.10811 0.00406948 0.999992 -0.907865 0 0 1 1
0.999997 -0.0024275 0.789756 0.0024275 0.999997 0.269476 0 0 1 1
1 -7.57426e-05 0.643353 7.57352e-05 1 -0.713562 0 0 1 1
1 -0.000952408 0.584693 0.000952408 1 -0.966986 0 0 1 1
0.999999 0.0012276 -0.707648 -0.0012276 0.999999 1.07928 0 0 1 1
1 -8.11368e-06 -0.0205901 8.12858e-06 1 4.71194 0 0 1 1
0.999999 -0.0017384 -0.656643 0.00173843 0.999998 4.37822 0 0 1 1
0.999985 -0.00541326 -0.159398 0.00541326 0.999985 2.12307 0 0 1 1
0.999996 -0.00276342 -2.3561 0.00276339 0.999996 2.09114 0 0 1 1
0.999995 -0.00313304 0.878472 0.00313304 0.999995 -0.972602 0 0 1 1
1 -0.000227779 0.712732 0.000227749 1 0.123034 0 0 1 1
0.999999 -0.00159368 0.850214 0.00159368 0.999999 -1.35454 0 0 1 1
0.999993 -0.00370696 1.58988 0.00370696 0.999993 -1.94952 0 0 1 1
1 0.000713125 0.896209 -0.00071314 1 -1.31799 0 0 1 1
1 0.000984192 0.930853 -0.000984222 1 -1.5774 0 0 1 1
1 -0.000721782 0.766763 0.000721812 1 -1.57376 0 0 1 1
0.999995 0.00329645 0.339327 -0.00329643 0.999995 -1.31636 0 0 1 1
1 1.33067e-05 1.27479 -1.32918e-05 1 -1.4018 0 0 1 1
1 -0.000187963 0.598787 0.000187978 1 -0.683472 0 0 1 1
0.999999 0.00139855 0.162803 -0.00139853 0.999999 -1.13078 0 0 1 1
1 5.34356e-05 0.394666 -5.34654e-05 1 -1.35518 0 0 1 1
1 0.000344843 0.077716 -0.000344858 1 -0.979645 0 0 1 1
1 0.000377972 -0.316182 -0.000377968 1 0.4522 0 0 1 1
1 0.00044781 0.0284086 -0.000447839 1 0.839722 0 0 1 1
1 0.000336383 0.983929 -0.000336381 1 0.378093 0 0 1 1
0.999998 0.00221197 0.4819 -0.00221197 0.999998 -0.498382 0 0 1 1
0.999996 0.00264168 0.362782 -0.00264168 0.999996 -0.471597 0 0 1 1
1 0.000354677 -0.0348536 -0.000354677 1 0.557179 0 0 1 1
1 0.000311211 -0.328066 -0.000311211 1 0.548279 0 0 1 1
1 0.000276953 0.286717 -0.000276953 1 0.687561 0 0 1 1
1 0.000664137 0.809334 -0.000664137 1 -0.406554 0 0 1 1
1 0.000856608 0.574477 -0.000856608 1 0.870421 0 0 1 1
0.999999 -0.00105103 0.390939 0.00105103 0.999999 0.0738365 0 0 1 1
1 -0.000787184 -0.243627 0.000787169 1 -0.599259 0 0 1 1
1 0.000895441 0.0758109 -0.000895441 1 1.03503 0 0 1 1
0.999999 -0.000977553 -0.0854543 0.000977553 0.999999 0.373344 0 0 1 1
1 -0.000468314 -0.437231 0.000468314 1 0.475751 0 0 1 1
1 0.000114769 0.252768 -0.000114739 1 0.421896 0 0 1 1
1 2.25753e-05 1.10827 -2.25753e-05 1 0.118103 0 0 1 1
1 -0.000631437 0.890644 0.000631452 1 0.133877 0 0 1 1
1 -0.000183821 -0.274417 0.000183817 1 0.246572 0 0 1 1
1 0.000551343 -0.605269 -0.000551343 1 -0.0652665 0 0 1 1
1 0.000760299 -0.576595 -0.000760297 1 0.241229 0 0 1 1
1 -0.000339862 0.209614 0.000339862 1 0.283742 0 0 1 1
1 -0.000973076 0.316707 0.000973076 1 -0.0726634 0 0 1 1
1 -0.000548795 -0.00633356 0.000548795 1 0.0133334 0 0 1 1
1 -0.000256881 0.0863173 0.000256851 1 0.210956 0 0 1 1
1 0 0 0 1 0 0 0 1 0
1 -0.000387773 -0.108735 0.000387728 1 0.0451739 0 0 1 1
1 0 0 0 1 0 0 0 1 0
0.999997 0.00247277 1.39559 -0.00247277 0.999997 1.74236 0 0 1 1
1 0 0 0 1 0 0 0 1 0
1 0.000456169 1.51081 -0.000456169 1 -0.145609 0 0 1 1
1 0 0 0 1 0 0 0 1 0
1 0 0 0 1 0 0 0 1 0
1 0.000387162 0.648623 -0.000387132 1 0.152019 0 0 1 1
0.999985 0.00546625 1.69734 -0.00546627 0.999985 4.82502 0 0 1 1
1 0 0 0 1 0 0 0 1 0
0.999998 0.00190717 -1.01223 -0.0019072 0.999998 0.984921 0 0 1 1
0.999998 0.00174365 1.44622 -0.00174364 0.999999 2.18742 0 0 1 1
0.999997 -0.00250253 2.94077 0.0025025 0.999997 4.28268 0 0 1 1
0.999998 -0.00180617 1.40205 0.00180617 0.999998 -1.57485 0 0 1 1
1 0 0 0 1 0 0 0 1 0
1 0.000599191 3.48713 -0.000599191 1 6.85386 0 0 1 1
1 -0.000176489 -1.23216 0.00017643 1 -0.0713501 0 0 1 1
1 3.69772e-05 3.28932 -3.69623e-05 1 3.72061 0 0 1 1
0.999972 0.00752373 0.429612 -0.00752374 0.999972 7.78997 0 0 1 1
1 0.000584245 1.91149 -0.000584245 1 -0.296244 0 0 1 1
0.999999 -0.00112146 7.52488 0.00112145 0.999999 3.94187 0 0 1 1
1 0 0 0 1 0 0 0 1 0
1 7.70092e-05 -0.339494 -7.70092e-05 1 0.00408936 0 0 1 1
1 0 0 0 1 0 0 0 1 0
0.999985 -0.00545055 6.68843 0.00545055 0.999985 4.60708 0 0 1 1
1 0.000138536 -0.0678702 -0.000138536 1 -0.369934 0 0 1 1
1 0 0 0 1 0 0 0 1 0
1 0 0 0 1 0 0 0 1 0
0.999999 -0.0012345 0.0927961 0.00123447 0.999999 -0.730877 0 0 1 1
1 0 0 0 1 0 0 0 1 0
1 0 0 0 1 0 0 0 1 0
1 0.000167221 -0.397174 -0.000167221 1 0.0762024 0 0 1 1
1 0.000528499 -0.182018 -0.000528499 1 -0.251862 0 0 1 1
1 0 0 0 1 0 0 0 1 0
0.999999 -0.00133288 1.56536 0.00133294 0.999999 -0.457095 0 0 1 1
1 0.000176281 -0.323216 -0.000176281 1 0.249916 0 0 1 1
1 8.57301e-05 -0.515869 -8.57264e-05 1 -0.219128 0 0 1 1
0.999999 0.00132751 0.144507 -0.00132751 0.999999 -0.482118 0 0 1 1
0.999999 0.00121498 0.419711 -0.00121501 0.999999 0.00150901 0 0 1 1
1 0.000130944 0.169389 -0.000130944 1 -0.00474178 0 0 1 1
1 -0.000230536 1.22566 0.000230521 1 -0.405834 0 0 1 1
0.999999 -0.00118002 0.333237 0.00118001 0.999999 -1.03112 0 0 1 1
1 0.000164822 0.683965 -0.000164822 1 -2.00769 0 0 1 1
0.999998 0.00200603 1.08599 -0.00200603 0.999998 -1.07785 0 0 1 1
1 0.000861555 1.14642 -0.000861555 1 -0.39682 0 0 1 1
1 -0.000862151 0.727857 0.000862151 1 -0.227274 0 0 1 1
1 -0.000890315 -0.100575 0.000890285 1 -0.615705 0 0 1 1
1 0.000573665 0.996923 -0.000573657 1 0.204403 0 0 1 1
0.999998 -0.00212628 0.981552 0.00212619 0.999998 -1.83726 0 0 1 1
0.999999 0.00109673 -0.893064 -0.00109676 0.999999 -0.855248 0 0 1 1
1 0.000117794 1.9228 -0.000117794 1 -1.89255 0 0 1 1
1 0.000525184 1.24805 -0.000525177 1 -2.21411 0 0 1 1
0.999998 -0.00219253 -0.276491 0.00219256 0.999998 -2.89754 0 0 1 1
1 0.000653774 -1.30875 -0.000653803 1 -1.04656 0 0 1 1
1 -0.000336707 0.707318 0.000336647 1 -0.865107 0 0 1 1
1 -0.00108841 0.40682 0.00108841 1 -1.2481 0 0 1 1
0.999999 0.00148922 -0.223289 -0.00148922 0.999999 -1.57864 0 0 1 1
1 -0.000333518 0.0208651 0.000333518 1 -2.14061 0 0 1 1
1 9.18508e-05 -0.433223 -9.18359e-05 1 -1.84167 0 0 1 1
1 -0.000227481 0.0519169 0.000227481 1 -0.341107 0 0 1 1
1 -0.000741124 0.681221 0.000741124 1 0.9291 0 0 1 1
1 -0.000166118 -0.0244977 0.000166148 1 -1.65317 0 0 1 1
1 -0.000654995 0.610659 0.000654966 1 -0.960793 0 0 1 1
1 0.000366628 -0.323456 -0.000366598 1 1.47321 0 0 1 1
1 6.80685e-05 0.988771 -6.81877e-05 1 -0.311432 0 0 1 1
0.999998 0.00211963 -0.509592 -0.00211963 0.999998 -2.25893 0 0 1 1
1 -0.000984848 0.501593 0.000984877 1 -1.34807 0 0 1 1
1 -0.000439584 -0.295544 0.000439554 1 0.389136 0 0 1 1
1 -0.000547931 -0.361373 0.000547931 1 -1.26716 0 0 1 1
1 -0.000514358 -0.0269939 0.000514418 1 -2.88582 0 0 1 1
0.999994 -0.00348768 -1.49118 0.00348768 0.999994 2.25883 0 0 1 1
0.999998 -0.00217354 -2.24241 0.00217345 0.999998 5.07651 0 0 1 1
1 -0.000648741 -3.10933 0.000648741 1 1.94928 0 0 1 1
1 0.000367612 -1.26715 -0.000367612 1 -0.223384 0 0 1 1
0.999998 -0.00202 -2.601 0.00201999 0.999998 -0.25921 0 0 1 1
1 -0.000633925 -4.12704 0.000633925 1 -0.410726 0 0 1 1
1 -0.000138313 -2.57393 0.000138313 1 0.827759 0 0 1 1
1 0.000396609 -0.676304 -0.00039658 1 -0.701715 0 0 1 1
1 0 0 0 1 0 0 0 1 0
1 0.000552326 -0.623874 -0.000552326 1 -1.25167 0 0 1 1
1 0.000137955 0.368858 -0.000137955 1 -3.07275 0 0 1 1
1 0.00100335 1.26155 -0.00100324 1 -1.57615 0 0 1 1
1 -0.000381231 1.21046 0.000381231 1 -0.714062 0 0 1 1
0.999998 -0.00177374 -0.522277 0.00177374 0.999998 0.735374 0 0 1 1
1 0.000138104 -0.36459 -0.000138104 1 0.857379 0 0 1 1
1 0.000772268 0.917219 -0.000772327 1 -0.536 0 0 1 1
1 -0.000231981 0.783701 0.000231981 1 -0.687653 0 0 1 1
1 -4.64916e-06 -0.488022 4.61936e-06 1 0.746887 0 0 1 1
1 0.000447899 -1.32513 -0.000447899 1 0.129309 0 0 1 1
1 0.000676125 0.0791462 -0.000676095 1 -0.712605 0 0 1 1
1 0.000553459 -0.0142242 -0.000553444 1 1.0015 0 0 1 1
1 0.000748932 -0.378881 -0.000748843 1 0.403628 0 0 1 1
1 0.000145644 -1.31176 -0.000145704 1 0.700806 0 0 1 1
0.999999 0.00134256 -0.732901 -0.00134256 0.999999 0.309987 0 0 1 1
1 0 0 0 1 0 0 0 1 0
1 0 0 0 1 0 0 0 1 0
0.999999 0.00130942 -0.61768 -0.00130945 0.999999 1.33472 0 0 1 1
1 0 0 0 1 0 0 0 1 0
0.999999 -0.00113541 1.0861 0.00113541 0.999999 -1.88038 0 0 1 1
1 0 0 0 1 0 0 0 1 0
1 0 0 0 1 0 0 0 1 0
1 0.000867069 0.623311 -0.000867069 1 0.733062 0 0 1 1
1 0 0 0 1 0 0 0 1 0
0.999968 -0.00794709 -2.01242 0.00794706 0.999968 -10.6235 0 0 1 1
1 0.000385672 -0.507823 -0.000385612 1 0.213817 0 0 1 1
0.999999 -0.0013034 -4.19457 0.00130341 0.999999 -5.08085 0 0 1 1
1 0.00052698 -3.26599 -0.00052698 1 -3.84757 0 0 1 1
1 -0.000983804 0.126385 0.000983804 1 0.386574 0 0 1 1
0.99999 -0.00457377 -2.74329 0.00457377 0.99999 -5.47386 0 0 1 1
0.999989 -0.00472304 -2.38568 0.00472295 0.999989 -8.81492 0 0 1 1
1 0.000265002 -0.116954 -0.000265002 1 0.115295 0 0 1 1
1 0 0 0 1 0 0 0 1 0
0.99999 -0.00456082 -0.157502 0.00456082 0.99999 -6.24647 0 0 1 1
1 0.000374757 0.535287 -0.000374749 1 0.166069 0 0 1 1
0.999993 -0.00379041 0.28593 0.00379042 0.999993 -1.95471 0 0 1 1
1 -0.000748113 -0.228127 0.000748143 1 -0.368671 0 0 1 1
1 -0.000146076 -0.653287 0.000146121 1 0.161276 0 0 1 1
1 0 0 0 1 0 0 0 1 0
1 0 0 0 1 0 0 0 1 0
1 0.000407867 -0.142289 -0.000407867 1 0.301859 0 0 1 1
1 0 0 0 1 0 0 0 1 0
1 -0.000765614 0.0880121 0.000765614 1 -1.39219 0 0 1 1
1 -0.000881732 -0.140287 0.000881746 1 -0.47928 0 0 1 1
1 -0.000265763 -3.03571 0.000265763 1 -0.898895 0 0 1 1
1 0 0 0 1 0 0 0 1 0
1 0.000445455 0.286063 -0.000445455 1 0.0149019 0 0 1 1
1 0 0 0 1 0 0 0 1 0
0.999991 -0.00416446 0.93415 0.00416446 0.999991 -3.41598 0 0 1 1
1 -0.000436164 0.708834 0.000436164 1 -0.400196 0 0 1 1
1 0.000252023 -0.281043 -0.000252023 1 0.251526 0 0 1 1
1 -0.000265315 -0.30293 0.000265315 1 0.248616 0 0 1 1
1 -0.00093478 -0.397503 0.00093478 1 0.339365 0 0 1 1
0.999997 -0.0022614 0.0899401 0.0022614 0.999997 -1.02351 0 0 1 1
0.999997 -0.00238021 0.503697 0.00238021 0.999997 -1.34057 0 0 1 1
0.999998 -0.00208087 0.398599 0.00208087 0.999998 -0.449964 0 0 1 1
0.999991 -0.00431782 0.62393 0.00431788 0.999991 -0.366655 0 0 1 1
1 -1.59144e-05 -0.408343 1.59144e-05 1 1.82584 0 0 1 1
1 0.000531301 0.0301484 -0.000531301 1 -0.169769 0 0 1 1
0.999997 0.00261725 -1.31735 -0.00261726 0.999997 -0.139777 0 0 1 1
1 -0.000487886 0.833651 0.000487886 1 0.283644 0 0 1 1
0.999996 0.00282672 -1.37933 -0.00282672 0.999996 1.84056 0 0 1 1
0.999975 0.00702539 -1.96391 -0.0070254 0.999975 3.1369 0 0 1 1
0.999914 0.0131365 -1.85321 -0.0131365 0.999914 5.95176 0 0 1 1
0.999694 0.0247356 -4.2014 -0.0247356 0.999694 8.04075 0 0 1 1
0.99946 0.032857 -6.46366 -0.032857 0.99946 8.27194 0 0 1 1
0.998892 0.047054 -12.0191 -0.047054 0.998892 16.855 0 0 1 1
0.998419 0.0562108 -12.2354 -0.0562108 0.998419 18.4705 0 0 1 1
0.99812 0.0612958 -10.9725 -0.0612958 0.99812 19.7262 0 0 1 1
0.999147 0.041298 -4.15729 -0.0412979 0.999147 11.0417 0 0 1 1
0.998975 0.0452643 -7.52998 -0.0452643 0.998975 13.969 0 0 1 1
0.999256 0.0385626 -6.83419 -0.0385626 0.999256 10.7588 0 0 1 1
0.999379 0.0352263 -7.25877 -0.0352263 0.999379 8.78451 0 0 1 1
0.999967 0.00814143 -2.97008 -0.00814143 0.999967 -1.99019 0 0 1 1
0.999996 0.00268692 -4.75999 -0.00268698 0.999996 0.857279 0 0 1 1
0.999942 0.0107351 -6.516 -0.0107351 0.999942 7.39625 0 0 1 1
1 0.000748962 -1.94975 -0.000748977 1 0.790335 0 0 1 1
0.999864 -0.0165017 0.413996 0.0165017 0.999864 -5.49745 0 0 1 1
0.999814 -0.0192872 -1.16271 0.0192871 0.999814 -2.34829 0 0 1 1
0.999775 -0.0212149 -3.77884 0.0212149 0.999775 -1.69903 0 0 1 1
0.99969 -0.0249038 -5.56734 0.0249038 0.99969 -2.17048 0 0 1 1
0.999642 -0.026771 -7.13641 0.0267709 0.999642 -3.03681 0 0 1 1
0.998992 -0.0448812 -1.42651 0.0448812 0.998992 -7.80633 0 0 1 1
0.998531 -0.0541786 -0.917265 0.0541786 0.998531 -8.22626 0 0 1 1
1 0 0 0 1 0 0 0 1 0
0.998289 -0.0584802 -1.73078 0.0584802 0.998289 -18.2173 0 0 1 1
0.997786 -0.0665117 -1.05039 0.0665117 0.997786 -19.6546 0 0 1 1
0.999072 -0.0430603 -16.1976 0.0430602 0.999072 0.145733 0 0 1 1
0.998006 -0.0631124 -8.89439 0.0631124 0.998006 -8.83391 0 0 1 1
0.998757 -0.0498476 -11.1762 0.0498476 0.998757 -7.4306 0 0 1 1
0.998545 -0.053928 -6.62548 0.053928 0.998545 -5.43876 0 0 1 1
0.998249 -0.0591482 0.365737 0.0591482 0.998249 -7.67104 0 0 1 1
0.998132 -0.0610923 6.06623 0.0610923 0.998132 -12.4085 0 0 1 1
0.99727 -0.0738461 13.7329 0.0738461 0.99727 -18.1209 0 0 1 1
0.999314 -0.0370352 13.0347 0.0370352 0.999314 -12.6854 0 0 1 1
0.99859 -0.0530853 23.9003 0.0530852 0.99859 -10.3166 0 0 1 1
0.99846 -0.055476 24.3204 0.055476 0.99846 -8.29852 0 0 1 1
0.999323 -0.036781 19.7857 0.0367809 0.999323 0.593705 0 0 1 1
0.998843 -0.0481005 28.5669 0.0481005 0.998843 5.3916 0 0 1 1
0.999936 -0.0112913 26.19 0.0112913 0.999936 9.47878 0 0 1 1
0.999999 0.0012342 23.5026 -0.00123417 0.999999 12.0007 0 0 1 1
0.998699 0.050989 13.0848 -0.050989 0.998699 23.2132 0 0 1 1
1 0 0 0 1 0 0 0 1 0
1 0 0 0 1 0 0 0 1 0
1 0 0 0 1 0 0 0 1 0
1 0 0 0 1 0 0 0 1 0
1 0 0 0 1 0 0 0 1 0
1 0 0 0 1 0 0 0 1 0
1 0 0 0 1 0 0 0 1 0
0.995144 0.0984264 2.41831 -0.0984264 0.995144 22.4476 0 0 1 1
1 0 0 0 1 0 0 0 1 0
1 0 0 0 1 0 0 0 1 0
0.999918 0.0127766 -26.5289 -0.0127766 0.999918 14.4745 0 0 1 1
0.999595 0.028462 -32.8722 -0.028462 0.999595 25.6071 0 0 1 1
0.998938 0.0460756 -31.8082 -0.0460756 0.998938 33.7646 0 0 1 1
0.999348 0.0361173 -26.8709 -0.0361173 0.999348 24.7039 0 0 1 1
0.999154 0.0411355 -26.9527 -0.0411355 0.999154 19.2533 0 0 1 1
0.999333 0.036509 -24.4181 -0.036509 0.999333 18.9466 0 0 1 1
0.999708 0.0241662 -21.9635 -0.0241662 0.999708 17.438 0 0 1 1
0.999995 -0.00322464 -20.5669 0.00322461 0.999995 4.17078 0 0 1 1
1 0 0 0 1 0 0 0 1 0
0.999757 -0.0220434 -26.1235 0.0220434 0.999757 10.1262 0 0 1 1
1 0 0 0 1 0 0 0 1 0
1 0 0 0 1 0 0 0 1 0
1 0 0 0 1 0 0 0 1 0
1 0 0 0 1 0 0 0 1 0
1 0 0 0 1 0 0 0 1 0
1 0 0 0 1 0 0 0 1 0
1 0 0 0 1 0 0 0 1 0
0.99805 -0.0624214 -17.9323 0.0624214 0.99805 -14.2822 0 0 1 1
0.999298 -0.03747 -6.00246 0.03747 0.999298 -12.2779 0 0 1 1
1 0 0 0 1 0 0 0 1 0
0.999955 -0.00950223 18.6519 0.00950226 0.999955 2.36858 0 0 1 1
1 0.00103614 24.9633 -0.00103614 1 7.06464 0 0 1 1
0.999714 0.0239227 31.0469 -0.0239228 0.999714 11.6369 0 0 1 1
1 0 0 0 1 0 0 0 1 0
0.999758 0.0219986 41.0596 -0.0219985 0.999758 18.3364 0 0 1 1
1 0 0 0 1 0 0 0 1 0
1 0 0 0 1 0 0 0 1 0
1 0 0 0 1 0 0 0 1 0
1 0 0 0 1 0 0 0 1 0
0.997628 0.0688379 36.6891 -0.068838 0.997628 23.4701 0 0 1 1
1 0 0 0 1 0 0 0 1 0
1 0 0 0 1 0 0 0 1 0
1 0 0 0 1 0 0 0 1 0
1 0 0 0 1 0 0 0 1 0
0.997841 0.0656743 -22.6126 -0.0656743 0.997841 22.0624 0 0 1 1
0.999324 0.0367706 -17.5141 -0.0367706 0.999324 12.7245 0 0 1 1
0.999973 -0.00733629 -15.5229 0.00733626 0.999973 -5.91011 0 0 1 1
0.999909 -0.0135017 -24.2396 0.0135017 0.999909 6.2758 0 0 1 1
0.999464 -0.0327434 -22.7933 0.0327434 0.999464 1.75112 0 0 1 1
1 0 0 0 1 0 0 0 1 0
0.998479 -0.0551299 -25.6206 0.0551299 0.998479 -1.11765 0 0 1 1
0.998191 -0.0601191 -21.625 0.0601191 0.998191 -11.02 0 0 1 1
0.994685 -0.102965 -8.89515 0.102965 0.994685 -38.4226 0 0 1 1
1 0 0 0 1 0 0 0 1 0
0.998321 -0.057918 -30.3992 0.057918 0.998321 -0.568238 0 0 1 1
1 0 0 0 1 0 0 0 1 0
0.999164 -0.040877 -23.9724 0.040877 0.999164 -21.1107 0 0 1 1
1 0 0 0 1 0 0 0 1 0
0.999711 -0.0240578 -3.26995 0.0240578 0.999711 -3.19712 0 0 1 1
1 0 0 0 1 0 0 0 1 0
0.999964 0.0085214 20.7515 -0.00852139 0.999964 3.64546 0 0 1 1
0.999206 0.0398509 13.8042 -0.0398509 0.999206 15.7799 0 0 1 1
0.998946 0.0458984 14.4359 -0.0458986 0.998946 16.3477 0 0 1 1
0.998528 0.0542424 14.2631 -0.0542424 0.998528 17.3656 0 0 1 1
0.999 0.044701 15.1766 -0.044701 0.999 11.628 0 0 1 1
1 0 0 0 1 0 0 0 1 0
0.999975 0.00708014 18.7746 -0.00708011 0.999975 0.148415 0 0 1 1
0.999963 -0.00863725 18.1792 0.00863722 0.999963 -5.05641 0 0 1 1
1 0 0 0 1 0 0 0 1 0
0.999836 -0.0180968 2.12887 0.0180968 0.999836 -4.67547 0 0 1 1
0.999883 -0.0153009 -1.08283 0.0153009 0.999883 -4.77543 0 0 1 1
0.999964 -0.00853962 -3.42316 0.00853959 0.999964 -5.83117 0 0 1 1
0.999999 -0.00109664 -0.999765 0.00109664 0.999999 -10.8647 0 0 1 1
1 0 0 0 1 0 0 0 1 0
1 0 0 0 1 0 0 0 1 0
1 0 0 0 1 0 0 0 1 0
0.999984 -0.00563964 7.88541 0.00563964 0.999984 -22.6184 0 0 1 1
0.999315 -0.0369946 15.3322 0.0369946 0.999315 -29.0847 0 0 1 1
0.99989 -0.0148312 4.42684 0.0148312 0.99989 -10.1231 0 0 1 1
1 0 0 0 1 0 0 0 1 0
1 0 0 0 1 0 0 0 1 0
0.999983 0.00574344 -8.46358 -0.00574341 0.999983 27.1333 0 0 1 1
0.999758 0.0219971 -11.0603 -0.0219972 0.999758 39.3196 0 0 1 1
0.999488 0.0319851 -9.47051 -0.0319851 0.999488 41.5299 0 0 1 1
1 0 0 0 1 0 0 0 1 0
1 0 0 0 1 0 0 0 1 0
0.999994 -0.00354448 -5.97172 0.00354451 0.999994 33.3692 0 0 1 1
1 0 0 0 1 0 0 0 1 0
1 0 0 0 1 0 0 0 1 0
0.999861 0.0166788 -9.87435 -0.0166788 0.999861 30.1457 0 0 1 1
0.999992 0.00403824 -4.36989 -0.00403827 0.999992 17.0149 0 0 1 1
0.999997 -0.00234589 -3.5238 0.00234587 0.999997 9.21049 0 0 1 1
0.999989 -0.00462674 -0.934715 0.00462677 0.999989 -0.776214 0 0 1 1
0.999996 -0.0029994 -2.44323 0.00299945 0.999995 -5.07079 0 0 1 1
0.999996 -0.00285304 -1.71658 0.00285305 0.999996 -11.2571 0 0 1 1
0.999955 -0.00949596 2.58279 0.00949597 0.999955 -21.0047 0 0 1 1
0.999881 -0.0154473 6.51923 0.0154474 0.999881 -30.3457 0 0 1 1
0.999999 -0.00106412 -0.208627 0.00106412 0.999999 -27.6864 0 0 1 1
0.999994 -0.00347784 -0.794953 0.00347784 0.999994 -30.7244 0 0 1 1
0.999939 0.0110258 2.77336 -0.0110258 0.999939 -28.6705 0 0 1 1
0.999968 0.00804466 13.0096 -0.00804469 0.999968 -35.8239 0 0 1 1
1 0 0 0 1 0 0 0 1 0
0.999908 0.0135319 14.4104 -0.0135319 0.999908 -28.9922 0 0 1 1
1 0 0 0 1 0 0 0 1 0
0.999383 -0.0351187 8.0586 0.0351187 0.999383 -33.3399 0 0 1 1
0.999701 -0.024435 0.0796595 0.024435 0.999701 -18.5317 0 0 1 1
0.999698 -0.0245851 1.51663 0.0245851 0.999698 -10.5043 0 0 1 1
0.999734 -0.023052 5.23783 0.023052 0.999734 1.10826 0 0 1 1
0.999909 -0.0134892 2.34062 0.0134892 0.999909 15.7334 0 0 1 1
1 0.00050272 -3.76394 -0.000502691 1 30.7334 0 0 1 1
1 0 0 0 1 0 0 0 1 0
0.99984 0.0178825 -10.7297 -0.0178825 0.99984 39.5793 0 0 1 1
1 0 0 0 1 0 0 0 1 0
1 0 0 0 1 0 0 0 1 0
1 2.68221e-06 -11.8579 -2.68221e-06 1 35.3282 0 0 1 1
0.999989 -0.0047151 -12.1528 0.00471507 0.999989 26.5251 0 0 1 1
0.999965 0.0083766 -13.1043 -0.00837658 0.999965 25.7101 0 0 1 1
0.99988 0.015484 -13.0216 -0.015484 0.99988 21.5642 0 0 1 1
0.999984 0.00573723 -4.76519 -0.00573723 0.999984 7.80435 0 0 1 1
0.999985 0.00544958 -3.86948 -0.00544958 0.999985 3.45751 0 0 1 1
0.99996 -0.00892636 0.5334 0.00892636 0.99996 -11.91 0 0 1 1
0.999973 -0.00734197 3.41 0.00734197 0.999973 -16.1923 0 0 1 1
0.999867 -0.0163311 7.35265 0.0163311 0.999867 -27.0335 0 0 1 1
0.999984 -0.00562936 5.98648 0.00562933 0.999984 -27.3925 0 0 1 1
0.999857 -0.016894 8.37588 0.016894 0.999857 -36.2952 0 0 1 1
0.999977 0.00674382 -0.293149 -0.00674384 0.999977 -22.9659 0 0 1 1
0.999988 0.00493197 1.63234 -0.00493197 0.999988 -21.6674 0 0 1 1
0.999998 -0.00182363 1.14133 0.00182363 0.999998 -20.5984 0 0 1 1
0.999996 0.0029873 -5.49148 -0.00298733 0.999996 -11.3483 0 0 1 1
0.999981 -0.00610471 -3.93899 0.00610471 0.999981 -9.16409 0 0 1 1
0.999991 -0.00423026 -5.50419 0.00423028 0.999991 -4.98916 0 0 1 1
1 0.000173032 -8.66039 -0.000173092 1 0.587485 0 0 1 1
0.999989 0.00475904 -8.21223 -0.00475901 0.999989 4.91206 0 0 1 1
1 2.98582e-05 -1.37435 -2.98582e-05 1 2.58948 0 0 1 1
0.999715 0.0238586 -0.166746 -0.0238586 0.999715 17.5375 0 0 1 1
0.999982 0.00600457 13.7663 -0.00600457 0.999982 9.42089 0 0 1 1
0.999988 0.00491521 14.7348 -0.00491518 0.999988 9.25507 0 0 1 1
0.999997 0.00256015 13.8219 -0.00256017 0.999997 7.82948 0 0 1 1
0.999976 0.00691718 15.8896 -0.00691715 0.999976 10.4774 0 0 1 1
1 -0.000361502 21.6543 0.000361443 1 9.06004 0 0 1 1
0.999951 0.0098446 15.1474 -0.0098446 0.999951 5.14936 0 0 1 1
0.999999 0.00155348 20.0433 -0.00155348 0.999999 2.76416 0 0 1 1
0.999911 0.0133331 20.7747 -0.0133331 0.999911 5.74017 0 0 1 1
0.999938 -0.0111026 36.4117 0.0111026 0.999938 -11.2712 0 0 1 1
0.999667 -0.0257983 28.7806 0.0257983 0.999667 -22.1977 0 0 1 1
0.998871 -0.0475074 12.5718 0.0475074 0.998871 -31.6507 0 0 1 1
0.999457 -0.0329582 -14.0632 0.0329582 0.999457 -19.6708 0 0 1 1
0.999961 -0.00884985 -27.721 0.00884985 0.999961 0.364853 0 0 1 1
0.999951 0.00985114 -31.7358 -0.00985114 0.999951 7.56735 0 0 1 1
0.999997 0.00248799 -24.6739 -0.00248799 0.999997 -0.802375 0 0 1 1
0.999985 -0.00543776 -20.5059 0.00543776 0.999985 -7.66454 0 0 1 1
0.999988 0.00489047 -26.5283 -0.00489047 0.999988 -1.43573 0 0 1 1
1 0 0 0 1 0 0 0 1 0
1 0 0 0 1 0 0 0 1 0
0.999999 0.00130194 -27.8205 -0.00130194 0.999999 -0.794639 0 0 1 1
0.999862 0.0165991 -33.1071 -0.0165992 0.999862 5.18348 0 0 1 1
0.999898 0.0142791 -28.1427 -0.0142791 0.999898 6.20001 0 0 1 1
1 0 0 0 1 0 0 0 1 0
0.999667 0.0257874 -27.0478 -0.0257874 0.999667 5.50535 0 0 1 1
0.999931 0.0117114 -16.3494 -0.0117114 0.999931 1.80145 0 0 1 1
0.999886 0.0150793 -9.05522 -0.0150792 0.999886 3.37237 0 0 1 1
0.999911 0.0133332 0.435377 -0.0133333 0.999911 1.15379 0 0 1 1
0.999999 -0.00134522 11.229 0.00134519 0.999999 -3.21234 0 0 1 1
0.999999 -0.00168052 13.5532 0.00168055 0.999999 -0.0247758 0 0 1 1
0.999959 -0.00902861 19.0516 0.00902867 0.999959 -3.9194 0 0 1 1
0.999836 -0.0181177 27.2158 0.0181177 0.999836 -6.54323 0 0 1 1
0.999977 -0.00684768 29.6901 0.00684765 0.999977 -3.94234 0 0 1 1
1 0.000365645 29.5186 -0.000365645 1 -3.27038 0 0 1 1
1 -0.000794321 31.1591 0.000794321 1 -5.58023 0 0 1 1
0.999994 0.00341699 32.3583 -0.00341701 0.999994 -4.56032 0 0 1 1
0.999906 -0.0137072 37.0366 0.0137072 0.999906 -6.91989 0 0 1 1
1 0 0 0 1 0 0 0 1 0
0.999856 -0.0169785 25.9723 0.0169785 0.999856 -7.12813 0 0 1 1
0.999602 -0.028223 20.8076 0.028223 0.999602 -12.5039 0 0 1 1
0.999695 -0.0246922 10.9649 0.0246921 0.999695 -11.3333 0 0 1 1
0.999891 -0.014787 -0.34618 0.014787 0.999891 -7.21376 0 0 1 1
0.999962 -0.00867519 -6.79331 0.00867516 0.999962 -3.68369 0 0 1 1
0.999869 -0.0161663 -8.405 0.0161663 0.999869 -6.2386 0 0 1 1
0.999992 -0.00387624 -15.1076 0.00387625 0.999992 0.147965 0 0 1 1
0.999997 -0.00236958 -15.3705 0.00236961 0.999997 -1.13637 0 0 1 1
0.999997 0.00225447 -22.7877 -0.00225444 0.999997 -0.511539 0 0 1 1
0.999989 0.00464237 -20.2301 -0.0046424 0.999989 2.36384 0 0 1 1
0.999985 0.00542353 -19.6511 -0.00542353 0.999985 2.12317 0 0 1 1
1 0 0 0 1 0 0 0 1 0
0.999999 0.00157274 -22.378 -0.00157274 0.999999 1.98958 0 0 1 1
1 0 0 0 1 0 0 0 1 0
1 0 0 0 1 0 0 0 1 0
0.999991 0.00416425 -15.2197 -0.00416419 0.999991 -0.1442 0 0 1 1
0.999976 0.00694835 -11.1599 -0.00694835 0.999976 1.61093 0 0 1 1
0.999969 0.00781773 -8.33493 -0.00781773 0.999969 1.60733 0 0 1 1
0.999973 0.0073826 -5.91339 -0.0073826 0.999973 1.67896 0 0 1 1
0.99999 0.00458351 -2.76095 -0.00458349 0.99999 1.33519 0 0 1 1
0.999946 0.010391 -1.80322 -0.010391 0.999946 2.83499 0 0 1 1
0.999945 0.0105208 2.73432 -0.0105209 0.999945 2.20252 0 0 1 1
0.999988 0.00488794 8.87397 -0.00488794 0.999988 -0.0719253 0 0 1 1
0.999999 -0.0016939 11.6419 0.00169393 0.999999 -3.31494 0 0 1 1
0.999999 0.00169712 9.57965 -0.00169709 0.999999 -2.7621 0 0 1 1
0.999999 0.00147659 8.02351 -0.00147656 0.999999 -1.61161 0 0 1 1
