0.99993 -0.00324639 0.736023 0.00259544 1.00151 -1.4267 0 0 1 1
0.999932 -0.0021405 0.563782 0.00257164 0.999861 -0.79303 0 0 1 1
1.0001 -0.00121543 0.631531 0.00278141 0.999467 -0.764221 0 0 1 1
1.00021 -0.00336249 1.45544 0.00317472 1.00033 -1.47192 0 0 1 1
1.00024 -0.00437062 1.53064 0.00413087 1.00125 -1.73984 0 0 1 1
0.99998 -0.00466658 1.29425 0.00383323 1.00005 -1.08069 0 0 1 1
0.999754 -0.00369804 0.609283 0.00329766 0.999455 -0.810852 0 0 1 1
0.999718 -0.00243229 0.212616 0.00266973 0.999536 -0.772827 0 0 1 1
0.999979 -0.0018467 0.359467 0.00262543 0.999605 -0.9711 0 0 1 1
0.999924 -0.00341812 1.00327 0.00311235 1.00001 -1.32745 0 0 1 1
1 -0.00335412 1.12299 0.00389721 1.00032 -1.59375 0 0 1 1
0.999866 -0.00552132 1.70056 0.00419773 0.999764 -1.56342 0 0 1 1
0.999768 -0.0055106 1.37885 0.00525161 0.99995 -2.08334 0 0 1 1
0.999999 -0.0051689 1.40701 0.00540442 0.999887 -2.0239 0 0 1 1
0.999783 -0.00550847 1.383 0.00484964 1.00035 -1.9718 0 0 1 1
0.999803 -0.00391408 0.861938 0.00414416 0.998991 -1.41513 0 0 1 1
0.999966 -0.0038044 1.04666 0.00375748 1.00034 -1.72513 0 0 1 1
0.999872 -0.00420539 1.26126 0.00414974 0.999469 -1.59149 0 0 1 1
0.999992 -0.00447619 1.33249 0.00410507 1.00005 -1.84415 0 0 1 1
1.00006 -0.00487618 1.44989 0.00470673 1.00043 -2.04233 0 0 1 1
0.999909 -0.00625732 1.75107 0.00524514 1.00016 -2.07513 0 0 1 1
0.999813 -0.00623512 1.24994 0.005281 0.999149 -1.90671 0 0 1 1
0.99976 -0.00617707 1.01431 0.00567388 1.00008 -2.3772 0 0 1 1
0.999577 -0.00732924 1.06076 0.00611019 0.999661 -2.44501 0 0 1 1
0.999794 -0.00472036 0.39502 0.00624311 0.999618 -2.34763 0 0 1 1
0.999835 -0.00590526 1.07755 0.0058352 1.00064 -2.45016 0 0 1 1
0.999811 -0.00690182 1.07364 0.00606029 0.999784 -2.0498 0 0 1 1
0.999626 -0.00563527 0.607239 0.00578036 1.0002 -2.00638 0 0 1 1
0.999809 -0.0046697 0.555176 0.00520858 0.999768 -1.63831 0 0 1 1
0.999926 -0.00431962 0.621796 0.00494862 1.00007 -1.57523 0 0 1 1
0.999899 -0.00370321 0.673157 0.0039029 0.999065 -0.814331 0 0 1 1
0.999806 -0.00436946 0.767578 0.00392673 0.998741 -1.33029 0 0 1 1
0.999555 -0.00440028 0.65033 0.00398413 0.999184 -1.8941 0 0 1 1
0.99977 -0.00435969 0.519653 0.00394797 1.00089 -2.05734 0 0 1 1
0.99965 -0.00456214 0.361328 0.00402306 0.999399 -1.37656 0 0 1 1
0.999596 -0.00423315 0.4422 0.00457523 0.998901 -1.78055 0 0 1 1
0.999718 -0.00506298 0.904144 0.00535627 0.999888 -2.38901 0 0 1 1
0.99996 -0.00439788 0.966492 0.00457423 1.00099 -2.05655 0 0 1 1
0.999865 -0.00418948 0.887238 0.00402102 0.999421 -1.04471 0 0 1 1
0.999673 -0.0041773 0.863403 0.00412519 0.999573 -1.50732 0 0 1 1
0.99974 -0.00510368 0.941193 0.00434926 1.00039 -1.61948 0 0 1 1
0.999559 -0.00476351 0.67804 0.00462985 0.999242 -1.45749 0 0 1 1
0.999429 -0.00599656 0.882721 0.00509649 0.99965 -1.99841 0 0 1 1
0.999604 -0.00556777 0.51712 0.00479777 1.00054 -1.82016 0 0 1 1
0.999503 -0.00594999 0.247498 0.00466583 1.0001 -1.19434 0 0 1 1
0.999472 -0.00410557 -0.377655 0.00482595 0.999026 -1.20428 0 0 1 1
0.999555 -0.00359068 0.199036 0.00488395 0.999409 -1.57797 0 0 1 1
0.999743 -0.00460278 0.883362 0.00525897 1.00027 -1.8916 0 0 1 1
0.999824 -0.00593193 1.43796 0.0054697 1.00043 -1.77075 0 0 1 1
0.999617 -0.0070776 1.37714 0.00619112 0.999034 -1.69708 0 0 1 1
0.99958 -0.00638126 1.35721 0.00680043 0.998978 -2.58652 0 0 1 1
0.99956 -0.00702359 1.67032 0.00658377 0.999787 -2.62607 0 0 1 1
0.999769 -0.00719347 1.46936 0.00657158 1.00032 -2.6976 0 0 1 1
0.999814 -0.00864667 1.51309 0.00732427 0.999996 -2.62378 0 0 1 1
0.999619 -0.0091577 1.32483 0.00837596 0.999656 -2.78464 0 0 1 1
0.999804 -0.00814307 1.08594 0.00844242 1.00003 -2.69229 0 0 1 1
0.999789 -0.00737101 1.19662 0.00716407 0.998944 -1.93515 0 0 1 1
0.999841 -0.00652957 1.05942 0.00613204 0.999953 -1.73569 0 0 1 1
0.999967 -0.00500777 0.803772 0.00611351 0.998687 -1.36914 0 0 1 1
0.999916 -0.00600202 1.42136 0.00562 0.999734 -1.85767 0 0 1 1
1.00011 -0.0060089 1.05441 0.00530959 1.00128 -1.56723 0 0 1 1
1.00004 -0.00419817 0.718689 0.00508383 0.998949 -0.871704 0 0 1 1
1.00011 -0.00606676 1.64859 0.00602656 0.998906 -1.48895 0 0 1 1
1.00013 -0.00807014 1.88287 0.00639717 1.00095 -2.21567 0 0 1 1
0.999796 -0.00847251 1.17722 0.00587968 0.998237 -1.09967 0 0 1 1
0.999419 -0.0068889 0.0863953 0.00558543 0.998235 -1.58215 0 0 1 1
0.99966 -0.00472442 -0.314941 0.00506644 0.998407 -1.67502 0 0 1 1
0.99993 -0.0040148 0.00125122 0.00528306 0.999527 -2.41348 0 0 1 1
1.00009 -0.00474549 0.804962 0.00512866 1.00068 -2.34769 0 0 1 1
1.00016 -0.00739422 1.23502 0.00678325 1.00134 -2.52231 0 0 1 1
0.999964 -0.00705073 0.958466 0.00669183 0.999455 -1.81808 0 0 1 1
1.00012 -0.00782179 0.744781 0.00713723 1.00012 -2.15732 0 0 1 1
1.0002 -0.00556385 0.175781 0.00771647 1.0002 -2.25031 0 0 1 1
0.999967 -0.00699779 1.49203 0.00885568 0.997992 -2.50516 0 0 1 1
1.00003 -0.00869294 2.55023 0.010187 0.999954 -4.17731 0 0 1 1
0.999972 -0.0114272 3.4093 0.0101348 1.00168 -4.19949 0 0 1 1
1.00029 -0.0139871 2.72623 0.0107927 1.00313 -3.66586 0 0 1 1
1.00048 -0.0107203 0.798096 0.0112874 1.00077 -2.035 0 0 1 1
1.00031 -0.012518 1.53293 0.011391 1.00063 -2.01688 0 0 1 1
1.00001 -0.0102869 1.00708 0.0118601 0.999618 -1.96909 0 0 1 1
1.00034 -0.0107433 1.9447 0.012392 1.00082 -2.68091 0 0 1 1
1.00003 -0.0132001 3.07983 0.01414 0.999596 -3.36017 0 0 1 1
1.00011 -0.0166971 4.2316 0.0171171 0.999872 -4.34286 0 0 1 1
0.999833 -0.0174424 4.70566 0.0194277 0.998959 -5.72302 0 0 1 1
0.999932 -0.0208846 6.00067 0.0200416 1.00025 -6.51532 0 0 1 1
0.999805 -0.0189919 4.67523 0.016991 1.00159 -5.22534 0 0 1 1
0.999867 -0.0200924 3.53387 0.0164671 0.999924 -4.10196 0 0 1 1
0.999736 -0.0175355 1.90979 0.0175759 0.999538 -4.50507 0 0 1 1
0.999635 -0.0159778 2.01349 0.0175269 0.996693 -4.28775 0 0 1 1
0.999304 -0.0138562 3.16351 0.0184939 0.9965 -5.9541 0 0 1 1
0.999432 -0.0175173 5.71783 0.0179679 0.998222 -7.46478 0 0 1 1
0.999802 -0.0178891 5.50342 0.0165267 1.002 -7.37524 0 0 1 1
0.999853 -0.0158628 4.49417 0.0150327 1.00085 -5.41699 0 0 1 1
0.999699 -0.0156587 3.89108 0.0145976 0.999254 -4.87912 0 0 1 1
0.99967 -0.0164423 3.36279 0.0149659 1.00038 -5.36218 0 0 1 1
0.999909 -0.0175754 2.80923 0.0146978 1.00253 -4.89459 0 0 1 1
1.0002 -0.0148249 0.990814 0.0150467 1.00132 -3.92627 0 0 1 1
0.999931 -0.0138613 1.63806 0.0156835 0.997996 -3.54471 0 0 1 1
0.999712 -0.0151885 2.69614 0.0157092 0.998419 -4.52264 0 0 1 1
0.999611 -0.0167953 3.32129 0.0162834 0.999352 -5.51877 0 0 1 1
0.999482 -0.0177345 3.34964 0.0174345 0.998716 -6.09641 0 0 1 1
0.999276 -0.0192781 3.70551 0.0178132 0.997307 -6.50146 0 0 1 1
0.999319 -0.0215776 3.49741 0.019271 0.997619 -7.68655 0 0 1 1
0.999256 -0.0218123 2.88239 0.0198421 1.00284 -8.89993 0 0 1 1
0.999833 -0.0212545 2.21756 0.0217346 1.00042 -7.75412 0 0 1 1
0.999508 -0.0209402 3.10196 0.0227447 0.996679 -7.06662 0 0 1 1
0.999453 -0.02412 4.53476 0.0244042 0.998297 -9.18991 0 0 1 1
0.999557 -0.025675 4.76233 0.025567 1.00219 -10.1896 0 0 1 1
0.999286 -0.0254426 5.03809 0.0255966 0.995327 -8.08762 0 0 1 1
0.999326 -0.0284692 5.29135 0.0269205 0.996754 -10.6484 0 0 1 1
0.999158 -0.0258157 4.28906 0.0272181 0.997866 -11.3213 0 0 1 1
0.999528 -0.0213084 3.89792 0.0236953 1.00267 -10.8509 0 0 1 1
0.999944 -0.0202464 4.21408 0.0202135 1.00101 -7.96793 0 0 1 1
0.999833 -0.0211936 4.20255 0.0198331 0.998563 -7.08563 0 0 1 1
0.999979 -0.0167984 2.03214 0.0167566 0.999772 -6.39954 0 0 1 1
1.00004 -0.0144388 2.01624 0.0156133 1.00009 -6.18405 0 0 1 1
1.0002 -0.013399 1.29126 0.0128495 1.00146 -5.17627 0 0 1 1
1.00002 -0.0111127 1.13364 0.0120111 0.998323 -4.17004 0 0 1 1
0.99991 -0.0126413 1.67712 0.0121444 0.997661 -4.72119 0 0 1 1
0.999989 -0.0118754 1.08728 0.0116133 1.00181 -6.00381 0 0 1 1
1.00004 -0.00815195 0.271942 0.0095066 1.00222 -3.94559 0 0 1 1
1.00005 -0.00486242 0.108154 0.00755154 1.00165 -2.48322 0 0 1 1
0.999973 -0.00598405 1.41385 0.00680369 0.999159 -1.60239 0 0 1 1
1.00001 -0.00526376 1.48953 0.00676708 1.00128 -2.09531 0 0 1 1
0.999937 -0.00643922 2.55896 0.00669195 0.998406 -1.17343 0 0 1 1
0.999833 -0.00634753 2.60049 0.00684049 0.998347 -1.88486 0 0 1 1
0.999758 -0.00662732 2.67099 0.00592259 1.0005 -2.17651 0 0 1 1
0.999773 -0.00831492 2.09448 0.00550019 0.998963 -1.76639 0 0 1 1
0.999865 -0.0061789 0.0783997 0.00541823 1.00198 -2.07422 0 0 1 1
0.99991 -0.00476985 -0.681915 0.00544535 0.999644 -1.25153 0 0 1 1
0.999844 -0.0055793 -0.592804 0.00488004 1.00059 -1.38684 0 0 1 1
0.999876 -0.00258863 -1.70169 0.00419854 0.999295 -0.994141 0 0 1 1
1.00003 -0.00204693 -1.24789 0.00362059 0.999611 -1.31815 0 0 1 1
0.999954 -0.0024608 -0.973358 0.0019932 1.00132 -1.16235 0 0 1 1
1.00003 -0.00110613 -1.38943 0.00178737 1.00048 -0.653137 0 0 1 1
1.00015 -0.00103646 -1.21799 0.00183371 1.00009 -0.506927 0 0 1 1
0.999755 -0.00195694 -1.05231 0.00120313 0.999687 -0.454803 0 0 1 1
1.00009 0.0020056 -1.97452 0.000323613 0.999657 -0.522217 0 0 1 1
0.999916 -0.00151334 -0.860413 5.24407e-05 1.00056 -0.659363 0 0 1 1
0.999978 0.00112276 -1.64771 0.00015953 1.00052 -0.536346 0 0 1 1
1.00005 0.00101212 -1.19449 -0.000344621 0.99938 -0.120789 0 0 1 1
1.00029 0.00315961 -1.07062 -0.0012631 1.00257 -0.338959 0 0 1 1
1.00041 0.00283168 -0.0668335 -0.000930279 0.999136 1.05731 0 0 1 1
1.00057 -9.67026e-05 2.14359 0.00077615 0.998335 0.335205 0 0 1 1
1.00015 -0.00311048 2.91882 0.00123043 1.00049 -0.246765 0 0 1 1
1.0002 -0.00463676 2.48343 0.002625 0.999235 -0.11795 0 0 1 1
0.999902 -0.0064453 1.90042 0.00355204 1.00001 -0.733521 0 0 1 1
0.999709 -0.00381507 0.0161133 0.00347418 0.999449 -0.617493 0 0 1 1
0.99971 -0.00254706 -0.413605 0.00253254 0.999592 -0.828247 0 0 1 1
0.999471 -0.000371984 -1.22113 0.000189985 1.00063 -0.686737 0 0 1 1
0.999673 0.00377515 -2.27588 -0.00147448 1.00024 -0.0300903 0 0 1 1
0.999658 0.00364804 -1.72672 -0.00316541 0.999989 0.489838 0 0 1 1
0.999676 0.00533908 -1.85217 -0.00391194 1.00025 0.471619 0 0 1 1
0.999635 0.00563513 -1.37369 -0.00431329 0.998932 0.965515 0 0 1 1
0.999691 0.00468017 -0.790283 -0.0043752 0.999476 0.528168 0 0 1 1
0.999865 0.00625954 -1.01447 -0.00497614 1.00064 0.472778 0 0 1 1
1.00016 0.00462264 -0.432922 -0.00628756 1.00161 1.20679 0 0 1 1
1.00042 0.00667784 -1.91592 -0.00789977 1.00117 2.45068 0 0 1 1
1.00056 0.00852427 -2.67068 -0.00918801 1.00117 3.26511 0 0 1 1
1.00058 0.00803153 -2.51001 -0.00814537 1.00004 3.5257 0 0 1 1
1.00059 0.00831738 -2.25507 -0.00784374 0.999444 3.2421 0 0 1 1
1.0005 0.00694411 -1.10831 -0.00621265 0.998911 2.36066 0 0 1 1
1.00045 0.00463472 0.00582886 -0.00506676 0.999937 1.76236 0 0 1 1
1.00022 0.00256108 0.326324 -0.00427157 0.998658 1.54376 0 0 1 1
1.00012 0.0021838 -0.410309 -0.00396987 1.00037 0.86972 0 0 1 1
1 0.00421845 -1.56485 -0.00526614 1.00146 1.43695 0 0 1 1
1.00011 0.00610431 -2.49249 -0.00615196 0.99991 2.22131 0 0 1 1
0.999875 0.00765997 -2.8399 -0.00761675 1.00079 2.47812 0 0 1 1
0.999839 0.0103365 -3.09534 -0.00898163 1.00015 3.05176 0 0 1 1
0.999874 0.0103353 -2.19714 -0.00895733 0.999182 3.17023 0 0 1 1
0.999862 0.0109622 -1.57233 -0.00916067 1.00034 2.64813 0 0 1 1
0.999874 0.0118487 -0.926544 -0.0114848 1.00009 3.4856 0 0 1 1
1.00015 0.00882172 -0.656128 -0.0123258 0.999961 3.91315 0 0 1 1
0.999699 0.00616087 -1.70175 -0.00998486 0.999954 3.07535 0 0 1 1
0.999765 0.00767278 -3.37109 -0.00817246 1.00069 2.66083 0 0 1 1
0.999723 0.00958017 -4.01978 -0.0082565 1.00023 2.99402 0 0 1 1
0.999833 0.0104977 -3.60327 -0.00852821 1.00082 3.37659 0 0 1 1
0.999833 0.00832176 -2.56479 -0.00786861 0.999283 3.41168 0 0 1 1
0.999887 0.00698942 -2.2038 -0.00671241 1.00083 2.8765 0 0 1 1
0.999689 0.0051646 -1.72232 -0.0053597 0.99922 2.80536 0 0 1 1
0.999623 0.00655015 -2.17084 -0.00429286 0.999721 2.13412 0 0 1 1
0.999571 0.00621408 -1.24091 -0.00465175 0.999595 2.22379 0 0 1 1
0.999694 0.00330992 -0.50119 -0.00443698 0.999566 2.03021 0 0 1 1
0.999607 0.00625402 -1.80481 -0.00501719 1.00106 2.15601 0 0 1 1
0.999707 0.00796693 -1.43811 -0.00546279 0.999316 2.89633 0 0 1 1
0.999686 0.00754654 -0.56488 -0.00557364 0.999361 2.57782 0 0 1 1
0.999869 0.00877257 -0.017395 -0.0061107 0.999329 2.47855 0 0 1 1
0.999703 0.0093547 0.761749 -0.00812933 1.00246 2.78946 0 0 1 1
0.999681 0.00471808 2.45761 -0.008842 1.00104 3.69333 0 0 1 1
1.00017 0.00497155 0.476379 -0.00897693 1.00012 4.35791 0 0 1 1
1.00018 0.00802181 -1.19742 -0.00785581 1.00036 3.29547 0 0 1 1
1.00026 0.00881953 -0.83075 -0.00834875 1.00014 3.52722 0 0 1 1
1.00025 0.00686007 0.235321 -0.00727351 0.999732 2.82251 0 0 1 1
0.999528 0.00574136 0.638916 -0.00684358 0.999662 2.56393 0 0 1 1
1.00003 0.00323835 -0.348572 -0.00622627 0.999344 2.20874 0 0 1 1
1.00067 0.0074876 -2.33069 -0.00762855 1.00264 2.15479 0 0 1 1
1.00102 0.00844204 -2.49088 -0.00928229 1.00398 3.75183 0 0 1 1
1.00066 0.0111328 -2.49121 -0.0100603 0.997138 5.91974 0 0 1 1
1.00033 0.0127966 -2.26974 -0.0119682 0.99915 4.29639 0 0 1 1
0.999524 0.0134262 -1.60712 -0.012914 1.0007 4.31033 0 0 1 1
1.00066 0.00985476 -1.62012 -0.0122643 1.00317 4.43503 0 0 1 1
1.00041 0.0113859 -2.49133 -0.011952 0.999704 5.83401 0 0 1 1
1.00014 0.00806303 -2.09729 -0.0108551 0.998218 5.04916 0 0 1 1
0.999942 0.00909296 -3.31903 -0.0109358 0.997821 4.25229 0 0 1 1
0.999841 0.00970675 -4.0426 -0.00999687 0.999683 2.25333 0 0 1 1
0.999913 0.00987141 -3.60165 -0.00934993 1.00088 2.5853 0 0 1 1
1.00013 0.0106115 -3.53302 -0.00974717 1.00077 2.95343 0 0 1 1
0.999938 0.00904882 -2.59387 -0.00925045 1.00057 3.34708 0 0 1 1
1.00015 0.00672031 -2.24506 -0.00652072 0.99948 2.50229 0 0 1 1
1.00006 0.00973997 -2.21539 -0.00720615 1.00012 2.61642 0 0 1 1
1.00001 0.00553577 -0.774323 -0.00755448 1.00033 2.86285 0 0 1 1
1.0003 0.00609229 -2.07785 -0.00769769 1.00067 3.05838 0 0 1 1
1.00012 0.00821533 -2.82886 -0.00808162 0.999713 3.51364 0 0 1 1
1.0001 0.00767751 -2.76013 -0.00855835 0.99968 3.40955 0 0 1 1
1.0002 0.00923987 -3.52258 -0.00965412 1.00121 3.57217 0 0 1 1
1.00006 0.0129206 -4.27032 -0.0113665 0.998505 4.77206 0 0 1 1
0.99959 0.0126247 -3.09857 -0.0114672 0.998491 3.83966 0 0 1 1
0.999691 0.0124754 -2.66 -0.012101 1.00094 3.35184 0 0 1 1
0.999713 0.0117777 -2.24704 -0.0120307 1.00025 3.93192 0 0 1 1
0.999828 0.00797143 -2.11935 -0.0117158 0.999939 3.65878 0 0 1 1
1.0001 0.0122846 -4.06763 -0.0115865 1.00212 3.74869 0 0 1 1
0.999829 0.0122869 -3.15439 -0.0112472 0.998658 4.4838 0 0 1 1
1.0004 0.0122659 -3.09076 -0.0120396 1.00362 3.70627 0 0 1 1
1.00056 0.0131523 -3.03702 -0.0143442 1.00244 6.134 0 0 1 1
1.0004 0.0137349 -3.4671 -0.0138198 0.999364 6.72244 0 0 1 1
1.00034 0.0135458 -2.87305 -0.0123611 1.00045 5.21027 0 0 1 1
1.00049 0.0105352 -2.24197 -0.0128164 1.00137 5.33731 0 0 1 1
1.00004 0.0106218 -2.73062 -0.0110647 0.997614 5.15594 0 0 1 1
0.999831 0.0119431 -2.22751 -0.00895352 0.999285 2.57376 0 0 1 1
1.00004 0.00990751 -0.805176 -0.00982163 1.00123 2.72742 0 0 1 1
0.999886 0.0103591 -0.74234 -0.00971589 1.00042 2.94327 0 0 1 1
1.00007 0.00707416 -0.362213 -0.00850385 1.00127 2.51202 0 0 1 1
0.999871 0.00746361 -1.01093 -0.00836901 0.999736 2.87997 0 0 1 1
0.999967 0.00840214 -1.66885 -0.00842816 0.999893 3.38205 0 0 1 1
0.999799 0.00673734 -1.29141 -0.00685995 0.997908 2.7388 0 0 1 1
0.999963 0.00640093 -1.55182 -0.00584026 0.999128 1.93439 0 0 1 1
0.999771 0.00745837 -1.151 -0.00571295 0.99877 1.46161 0 0 1 1
0.999931 0.00602052 -0.404053 -0.0054979 0.998426 1.59787 0 0 1 1
0.999856 0.00524038 -0.209991 -0.00602499 0.999279 1.15503 0 0 1 1
1.00005 0.0049844 -0.73468 -0.00527464 1.00246 0.807007 0 0 1 1
1.00013 0.00541356 -1.01709 -0.00434403 0.999859 1.77151 0 0 1 1
1.00009 0.00433785 -0.768951 -0.00374853 0.998595 1.73782 0 0 1 1
1.00003 0.00388242 -0.633453 -0.00407974 0.999835 1.32245 0 0 1 1
1.00014 0.00411469 -0.977173 -0.00414655 0.998457 1.729 0 0 1 1
0.999876 0.00551695 -0.882812 -0.00426768 0.999845 1.14038 0 0 1 1
1.00014 0.00208519 -0.106293 -0.00331154 1.00012 0.928833 0 0 1 1
1.00003 0.00256525 -0.636932 -0.00274307 0.99842 0.895142 0 0 1 1
0.999949 0.00219594 -0.629852 -0.002842 0.999747 0.560822 0 0 1 1
0.999969 0.00259486 -0.901581 -0.00298017 0.997895 0.734406 0 0 1 1
0.999896 0.00384301 -0.889191 -0.00305492 1.00154 -0.226532 0 0 1 1
1.00012 0.00176068 -0.387268 -0.00224066 1.00011 0.506775 0 0 1 1
1.00008 0.00258692 -0.719757 -0.00322492 0.999985 0.939636 0 0 1 1
1.00026 0.00272347 -1.24298 -0.00316658 1.00133 0.849243 0 0 1 1
1.00003 0.00244199 -1.20038 -0.00306192 0.999994 1.58072 0 0 1 1
0.999861 0.00173985 -1.17471 -0.00159724 0.999442 1.01935 0 0 1 1
1.0001 0.00289975 -1.23788 -0.00187985 1.00077 0.793671 0 0 1 1
0.999877 0.00264764 -0.561218 -0.00215435 0.998398 1.22702 0 0 1 1
0.999725 -0.000492641 0.168121 -0.00120316 1.00027 -0.0310669 0 0 1 1
0.999977 -0.000292515 -0.461548 -0.000661799 1.00088 -0.130646 0 0 1 1
0.999904 -0.000661717 -0.71347 0.000329718 1.00091 -0.117035 0 0 1 1
0.99997 0.000551413 -0.667328 0.00102836 0.999556 0.0748596 0 0 1 1
0.999711 -0.000663575 0.531433 0.00102267 1.00023 -0.400146 0 0 1 1
0.999812 -0.0038603 1.00955 0.00208794 1.00084 -0.875366 0 0 1 1
0.999757 -0.00266483 -0.0434265 0.00197094 0.999969 -0.653076 0 0 1 1
0.999881 -0.00292798 -0.144226 0.00280811 1.0008 -1.12439 0 0 1 1
1.00001 -0.00203406 -0.136963 0.00300765 1.00092 -0.815582 0 0 1 1
1.00004 -0.0039513 0.289001 0.00267174 0.999403 -0.19043 0 0 1 1
0.999866 -0.00173283 -0.509705 0.00244777 0.998778 -0.188904 0 0 1 1
0.999765 0.000505722 -0.284943 0.00141882 0.998151 -0.311279 0 0 1 1
0.999836 -0.000228296 0.591431 0.000253902 1.00056 -0.740997 0 0 1 1
0.99981 -0.00122446 0.594696 0.000329452 1.00018 -0.590271 0 0 1 1
0.999872 -0.00205876 0.222504 0.000666699 1.00117 -0.610046 0 0 1 1
0.999939 -0.00138843 -0.528015 0.00198384 0.999232 -0.492432 0 0 1 1
0.999921 1.06625e-05 -0.2883 0.0018417 0.999896 -0.831329 0 0 1 1
0.999931 0.000336321 0.265472 0.000977986 1.00051 -0.576477 0 0 1 1
1.00003 -0.000781001 0.627441 0.000643372 1.00012 -0.427094 0 0 1 1
1.00005 -0.00113018 0.228607 0.000115042 1.00033 -0.203491 0 0 1 1
0.999965 -0.00038625 -0.472626 0.000273308 0.999288 -0.070343 0 0 1 1
0.99991 0.00161979 -0.624817 2.679e-05 0.999187 -0.350891 0 0 1 1
0.999878 0.000721655 0.182617 -3.64959e-05 0.999991 -0.509583 0 0 1 1
1.00019 -0.000345465 0.369965 -0.000296627 1.00094 -0.355988 0 0 1 1
1.00008 -0.00144354 0.2742 0.000242639 1.00022 0.00286865 0 0 1 1
1.00013 -0.00120302 -0.265656 0.000610704 0.998605 0.393585 0 0 1 1
1.00012 0.00151452 -0.662476 0.000650532 0.998797 -0.0479736 0 0 1 1
0.999953 0.000914129 0.212036 -0.00124127 0.998938 0.319489 0 0 1 1
1.00004 0.000768445 -0.201782 -0.0017347 1.00007 0.24292 0 0 1 1
1.00011 0.00243172 -0.769958 -0.00140252 1.00024 0.37085 0 0 1 1
0.999928 0.00198706 -0.22406 -0.000987144 0.998961 0.475433 0 0 1 1
0.999885 0.000681745 0.384186 -0.000116245 1.00015 -0.496033 0 0 1 1
0.999905 -0.00109148 1.14029 0.0010166 1.00055 -0.916534 0 0 1 1
1.00011 -0.00133789 0.359741 0.000694686 1.00026 -0.431702 0 0 1 1
0.999999 -0.000347999 -0.105896 0.000934533 1.00074 -0.378265 0 0 1 1
1.00014 0.000831309 -0.100708 0.000774102 0.999325 0.213837 0 0 1 1
0.999887 -0.000610987 0.889893 0.000411854 0.999491 -0.115692 0 0 1 1
0.999922 -0.00213197 0.600586 0.000419413 1.00128 -0.557892 0 0 1 1
0.999984 -0.000317987 -0.194336 0.000652403 0.999878 0.132904 0 0 1 1
0.99991 -0.000953595 0.197693 0.000787392 1.00016 -0.136688 0 0 1 1
0.999843 0.000258748 0.323883 0.000819445 0.999154 -0.117584 0 0 1 1
0.99983 -0.00133175 0.962585 0.000860623 1.00037 -0.720825 0 0 1 1
0.999828 -0.00191036 0.927399 0.000886186 1.00048 -0.532562 0 0 1 1
0.999911 -0.00225385 0.268829 0.000778961 1.00027 -0.311096 0 0 1 1
0.999922 -8.26316e-05 -0.39801 0.000784124 1.0002 -0.180267 0 0 1 1
0.99991 -0.000865571 0.0957642 0.000870372 1.0001 -0.276276 0 0 1 1
0.999955 -9.52721e-05 0.0402222 0.000731988 0.999558 -0.187012 0 0 1 1
0.99989 -0.000665821 0.585571 0.000738383 0.999919 -0.557159 0 0 1 1
0.999976 -0.00200525 0.488281 -0.000209888 1.00073 -0.321259 0 0 1 1
0.999989 -0.000555904 -0.40155 -0.000215513 1.00034 -0.0975647 0 0 1 1
0.999979 0.00225473 -0.758484 -0.000455119 1.00017 0.11496 0 0 1 1
0.99984 -0.000291489 0.406616 -0.000199762 1.00022 -0.187408 0 0 1 1
0.999932 -0.000391375 0.196106 0.000289908 1.00062 -0.510345 0 0 1 1
0.999816 -0.00105462 0.462189 0.00011356 1.00062 -0.473389 0 0 1 1
0.999935 -0.000549231 0.159302 0.000281618 1.00072 -0.404968 0 0 1 1
0.999881 -0.000197943 0.310974 3.93377e-05 0.999863 -0.283478 0 0 1 1
0.999756 -0.000982776 0.566803 9.03266e-05 1.00093 -0.748535 0 0 1 1
1.00001 -4.38301e-05 0.175964 -0.000448143 1.00031 -0.191742 0 0 1 1
1.00011 -0.000579273 0.297272 -0.00026616 1.00174 -0.400024 0 0 1 1
1.00007 -0.000112219 0.0848694 -0.000221224 0.999971 0.406433 0 0 1 1
1.00004 -0.000181514 0.318512 -5.42036e-06 1.00021 -0.113129 0 0 1 1
1.0001 -0.00055309 0.324951 9.37499e-05 1.00012 -0.178436 0 0 1 1
1.00011 -0.000475706 0.313873 0.000401976 1.00042 -0.477417 0 0 1 1
1.00013 -0.00112484 0.575287 0.000679526 1.00063 -0.639435 0 0 1 1
1.00024 -0.00161729 0.351013 0.00034347 1.00045 -0.144562 0 0 1 1
1.00037 -0.0005133 -0.244568 -2.38204e-05 1.00011 0.236694 0 0 1 1
1.00015 6.40446e-05 -0.285065 1.25101e-05 0.99931 0.112549 0 0 1 1
1.00021 0.000405521 0.0988464 -0.000624769 1.00003 0.119507 0 0 1 1
1.0001 -0.0012227 0.279694 -0.000512258 1.00013 0.0192261 0 0 1 1
1.00028 -0.00109396 -0.275848 -1.99532e-05 1.00068 -0.0468445 0 0 1 1
1.00014 -0.000531245 -0.612213 0.000177949 0.99979 0.365173 0 0 1 1
1.00012 0.000223674 -0.759094 0.000409482 0.999088 0.298798 0 0 1 1
1.00002 0.000323823 -0.111084 0.000617913 0.999195 -0.136353 0 0 1 1
1.00007 -0.000549527 0.154877 0.000469159 1.00021 -0.386169 0 0 1 1
1.00019 -0.000176242 -0.0380554 -8.59081e-05 1 0.244812 0 0 1 1
0.999946 -0.00120822 -0.111328 0.000215815 0.998748 0.142273 0 0 1 1
0.999692 -0.00405905 -0.339264 0.000513156 0.997812 -0.127594 0 0 1 1
0.999569 -0.0037335 -1.82736 0.000712139 0.995673 -0.682251 0 0 1 1
0.999602 0.000743187 -3.28281 0.000120685 0.99792 -1.47681 0 0 1 1
1.00003 0.00424296 -2.56976 0.000110381 1.0029 -1.40884 0 0 1 1
1.00029 0.00450628 -0.712524 -0.00164237 1.00204 0.959198 0 0 1 1
0.999934 -0.00372058 0.916748 0.00042965 0.997981 0.653259 0 0 1 1
1.00043 -0.00140533 -1.48929 -0.000389119 1.00261 0.233368 0 0 1 1
1.00055 0.000888635 -2.69547 -0.000125056 0.999165 2.23251 0 0 1 1
1.0005 0.00396938 -2.29605 0.00217561 1.00099 0.868286 0 0 1 1
1.00055 0.000870158 0.6008 0.0024299 1.00028 0.909149 0 0 1 1
1.00078 -0.0020696 1.77859 0.00187298 1.00286 0.894379 0 0 1 1
1.00023 -0.00480488 0.873169 0.000111198 0.99499 2.82211 0 0 1 1
1.00045 0.00603113 -2.1489 0.000777592 1.00346 -0.270813 0 0 1 1
1.00186 0.00586913 -0.136047 0.000819804 0.999345 2.05487 0 0 1 1
0.999205 -0.00797303 4.83792 0.00216361 0.989991 0.265869 0 0 1 1
0.99893 -0.00515202 1.98462 -0.000270302 0.999614 -3.44208 0 0 1 1
0.999264 -0.00252916 -0.818481 -0.00314229 1.00012 -1.71393 0 0 1 1
0.9995 0.00209943 -3.03326 -0.000400598 0.999539 -2.34521 0 0 1 1
0.999383 0.00316487 -1.18414 0.000954582 0.998322 -2.96887 0 0 1 1
0.999432 -0.000664402 0.607452 -0.0010775 0.99937 -2.64334 0 0 1 1
0.999518 0.000693081 -0.256653 -0.00104322 1.0017 -3.36606 0 0 1 1
1.00006 -0.00113387 0.566589 -0.00128254 1.00201 -1.53726 0 0 1 1
0.999063 -0.000826467 -1.30499 -0.00673224 0.998937 2.0162 0 0 1 1
1.00011 0.00341858 -4.28192 -0.00486883 1.00267 1.15793 0 0 1 1
0.994535 -0.00955199 -2.76685 -0.00384022 1.00119 2.23053 0 0 1 1
0.998488 0.00622391 -9.47058 0.00553869 1.00308 0.0415344 0 0 1 1
1.00039 0.00178489 -4.77969 0.00136378 0.99007 4.34933 0 0 1 1
1.00059 0.00069862 -3.22156 0.00274002 1.00061 -1.22662 0 0 1 1
1.00064 0.000401162 -1.6524 0.000885455 0.999703 -0.684937 0 0 1 1
1.00056 -0.00116953 -0.857941 0.000514369 1.00059 -1.11969 0 0 1 1
1.00108 -0.00434923 -0.705231 0.00262309 1.00727 -1.62662 0 0 1 1
1.00168 0.00115507 -3.02859 0.00175444 1.00266 1.59348 0 0 1 1
1.00114 0.00484138 -2.2114 0.00054875 0.993544 3.83807 0 0 1 1
1.00043 0.00921034 -0.120117 -0.00366763 0.996723 0.850098 0 0 1 1
1.00019 0.00526006 2.62054 -0.00458197 1.00517 -1.74713 0 0 1 1
1.00281 0.0066933 1.03687 -0.0063033 1.00926 0.475525 0 0 1 1
1.00071 0.00484685 1.21756 -0.00960619 0.997286 5.27225 0 0 1 1
1.00086 0.00376775 -1.07803 -0.00675955 1.00492 1.71051 0 0 1 1
1.00086 0.00305169 -2.66104 -0.00467458 1.00321 2.44748 0 0 1 1
1.00087 0.00536938 -2.62094 0.000478096 1.00071 1.8483 0 0 1 1
1.00093 0.00131354 0.354065 -0.000222118 0.995844 1.85751 0 0 1 1
1.00047 -0.000413321 1.33627 -0.00183447 0.996889 0.381378 0 0 1 1
1.00062 -0.0032235 0.591492 -0.00146106 1.00273 -2.68469 0 0 1 1
1.00092 0.00253487 -0.803131 -0.00122511 1.00342 -0.709808 0 0 1 1
1.00085 0.00236483 -0.210297 -0.00602264 0.999721 2.07516 0 0 1 1
1.00064 0.00161272 -1.45535 -0.00495974 1.0014 1.11246 0 0 1 1
1.00059 0.00163183 -2.01694 -0.00278145 1.00043 -0.0160522 0 0 1 1
1.00098 0.0069128 -3.79523 -0.00407317 0.999679 1.2847 0 0 1 1
1.00052 -0.00064847 0.983307 -2.95281e-06 1.00324 -2.01068 0 0 1 1
1.00047 -0.00448356 0.99881 0.000831077 1.00195 -1.78763 0 0 1 1
1.00068 -0.00363693 0.0309448 0.00204033 1.00547 -1.93311 0 0 1 1
1.00049 -0.00337638 -1.03595 -2.17659e-05 1.00027 1.0079 0 0 1 1
1.00052 -0.00624046 -2.56021 0.00177455 1.00094 0.326233 0 0 1 1
0.997908 0.00519877 -6.35516 0.00182135 0.997637 -0.168335 0 0 1 1
1.00039 0.00726354 -5.46994 -0.00224169 0.998751 0.673676 0 0 1 1
1.0005 0.00634364 -2.73856 -0.00133671 1.00228 -0.957733 0 0 1 1
1.00032 0.00260215 0.350952 -0.000674419 1.00174 -1.27472 0 0 1 1
1.0004 -0.00135954 1.70114 0.00142973 1.00441 -2.31683 0 0 1 1
1.00047 -0.0044121 1.84021 0.00121081 1.00295 -1.3327 0 0 1 1
1.00057 -0.00109868 -0.123199 -0.00140542 0.999402 0.643616 0 0 1 1
1.00015 -0.00231043 -0.600342 0.000792247 1.00176 -1.39963 0 0 1 1
1.0005 -0.00533257 -0.499023 0.00297376 1.00201 -1.77802 0 0 1 1
1.00069 -6.73937e-06 -2.15359 0.000987001 1.00028 -0.0631714 0 0 1 1
1.00048 -0.000457827 -1.32047 0.000740886 1.00122 0.110107 0 0 1 1
1.00062 -0.00122308 -1.21448 0.000731353 0.997047 0.496979 0 0 1 1
1.00011 0.00679768 -2.69159 -0.00371355 0.995093 1.0806 0 0 1 1
0.99993 0.00715244 -0.592377 -0.00429313 1.00264 -1.66147 0 0 1 1
1.00172 0.00371058 0.724152 -0.00318342 1.00254 -1.35898 0 0 1 1
1.00119 0.00193716 1.52148 -0.002641 1.00291 -1.67639 0 0 1 1
1.0001 0.00285114 2.41397 -0.000871422 1.00275 -1.97708 0 0 1 1
1.00042 -0.00150613 3.27325 -0.00385038 1.0002 -0.510681 0 0 1 1
0.999802 -0.000934478 1.36942 -0.00523031 1.00131 -0.561279 0 0 1 1
0.999989 -0.00429917 -0.491486 -0.00179809 1.00343 -1.42203 0 0 1 1
0.997845 -0.00443238 -1.2746 -3.44443e-05 1.00198 0.0498962 0 0 1 1
0.999264 -3.49802e-05 -3.34064 0.000613649 0.999146 1.33215 0 0 1 1
1.00013 0.000229143 -2.70688 0.00176476 0.99815 0.988922 0 0 1 1
1.00002 -0.0011292 -1.17831 0.00270813 1.00154 -0.699188 0 0 1 1
1.00032 -0.00206834 -0.379547 0.00223176 0.99742 1.04074 0 0 1 1
1.00006 -0.000610372 -0.535675 0.000806422 0.999597 -0.137665 0 0 1 1
1.00015 -0.00141032 -0.631805 0.00206505 1.00203 -0.660248 0 0 1 1
1.00047 -0.00107937 -1.31885 0.000222589 0.99684 2.34091 0 0 1 1
0.999518 -0.000370372 -2.05173 0.00141177 0.998548 0.658234 0 0 1 1
0.99986 0.000740303 -1.64612 0.00312281 0.996326 0.00628662 0 0 1 1
0.999624 0.00215247 -0.332855 0.00210562 0.996607 -0.411743 0 0 1 1
0.99947 -0.000819666 1.26242 0.00360437 0.998469 -1.37515 0 0 1 1
0.999346 -0.00188875 1.87277 0.00332132 0.997439 -1.23376 0 0 1 1
0.999678 -0.00334844 1.59708 0.00308001 0.998664 -1.43433 0 0 1 1
0.999801 -0.00108462 0.508209 0.00162648 0.998659 -0.388702 0 0 1 1
0.999448 -0.00180803 0.848083 0.00359725 0.998344 -1.23114 0 0 1 1
0.999888 -0.00375049 1.75266 0.00456337 1.00061 -1.8876 0 0 1 1
0.999494 -0.00367287 1.97824 0.0044531 0.995969 -1.48343 0 0 1 1
0.999902 -0.00368928 2.15057 0.00413361 1.00053 -2.4046 0 0 1 1
0.999831 -0.00204275 2.05283 0.00268834 1.00031 -1.80203 0 0 1 1
0.99977 -0.00517555 2.6824 0.00363493 0.997078 -1.48193 0 0 1 1
0.999714 -0.00333409 2.23862 0.00291976 1.0041 -3.88782 0 0 1 1
1.00031 -0.000525381 0.871918 -0.000158278 0.999055 0.672302 0 0 1 1
0.999965 -0.000898508 0.532227 -0.00110992 1.00043 -0.0560913 0 0 1 1
0.999833 0.00237911 -0.510681 -0.000795821 0.99754 -0.0978088 0 0 1 1
1.00017 0.00266559 0.138885 -0.00214368 1.00228 -0.407593 0 0 1 1
1.00022 0.00207772 0.385834 -0.00202153 1.0016 -0.0183105 0 0 1 1
0.999911 0.0022016 0.388794 -0.00367154 0.994853 0.712708 0 0 1 1
0.999848 0.00346274 -0.147888 -0.00329908 1.00505 -2.29544 0 0 1 1
1.00014 -0.000216887 0.499481 -0.000822941 1.00645 -2.08807 0 0 1 1
1.00105 -0.00210198 -0.145874 0.00388455 1.00652 -1.34576 0 0 1 1
1.00066 -0.000813776 0.264526 0.0019016 0.996761 1.93457 0 0 1 1
0.999907 0.00351007 0.0739136 -0.00247111 0.991981 1.57663 0 0 1 1
0.999461 0.00119073 1.0459 -0.0028044 1.00264 -3.34442 0 0 1 1
1.00071 0.000519423 0.911316 0.000502432 1.00978 -4.08658 0 0 1 1
1.0006 -0.00191398 1.84082 0.000825521 1.0018 -0.637726 0 0 1 1
1.00069 -0.00313649 1.40274 6.51323e-05 1.00482 -0.708252 0 0 1 1
1.00025 -0.00125813 0.136871 -0.00141071 0.996746 1.27603 0 0 1 1
1.00053 0.00464326 -1.03159 -0.00401939 0.99865 -0.00314331 0 0 1 1
1.00145 0.00681113 -0.00521851 -0.00261129 1.00625 -3.14621 0 0 1 1
1.00238 -0.000812784 2.46817 0.00196377 1.00825 -4.09607 0 0 1 1
1.0025 -0.0059685 2.69257 0.00433771 1.0075 -3.66806 0 0 1 1
1.00095 -0.000125816 -0.511932 0.0025161 1.00054 0.0327759 0 0 1 1
1.00006 -2.23732e-05 0.600433 0.000259058 0.997467 0.0845337 0 0 1 1
0.999955 -0.00279738 1.27359 0.000991344 1.00339 -2.25824 0 0 1 1
1.00045 -0.00229778 0.351013 -0.000246846 1.00527 -1.14035 0 0 1 1
1.0008 0.00264468 -1.41959 -0.00133862 1.00889 1.58109 0 0 1 1
1.00121 -0.00116182 -1.45865 0.00369412 1.00122 3.02884 0 0 1 1
0.999301 -0.00627072 0.393372 0.00510113 1.00061 2.1319 0 0 1 1
1.00079 -0.00228226 -2.90833 0.00462902 0.99476 3.2247 0 0 1 1
0.999504 0.00197719 -0.790771 0.004847 0.995872 -0.228638 0 0 1 1
0.999806 0.000303025 0.640472 0.000174162 0.998096 0.690125 0 0 1 1
0.999385 -0.00134241 1.04312 0.00205152 0.999612 -1.45322 0 0 1 1
0.999597 -0.00394184 1.83362 0.00385023 1.00122 -2.38998 0 0 1 1
0.999722 0.00132013 0.787109 0.000109113 0.994389 0.385742 0 0 1 1
0.999262 0.000651421 1.36954 -0.000881656 1.0008 -1.87888 0 0 1 1
0.999527 -0.00119918 1.11218 0.000396033 0.999178 -1.19122 0 0 1 1
0.999366 0.0050354 0.00149536 -0.00239309 0.995919 -0.248047 0 0 1 1
0.999 -0.00068236 1.84503 -0.000667734 1.00367 -2.4549 0 0 1 1
0.999479 -0.000260567 0.831268 -5.54356e-05 0.997906 0.0128784 0 0 1 1
0.999423 0.00176257 0.246613 -0.000893006 0.996368 -0.0776978 0 0 1 1
0.999547 -0.000101023 0.642822 -1.43761e-05 1.00077 -1.59607 0 0 1 1
0.999518 0.000313336 0.265839 -0.000165091 0.99786 -0.294617 0 0 1 1
0.999867 0.000229396 -0.202667 -0.00019892 1.00211 -0.32193 0 0 1 1
0.99993 0.00257205 -0.711151 0.000228497 0.998377 1.17474 0 0 1 1
1.00002 0.00399584 -0.25473 -0.000235513 0.99633 1.53903 0 0 1 1
0.999761 0.00225314 0.580322 -0.00256965 0.995607 1.06717 0 0 1 1
0.999733 0.00290694 0.398071 -0.002189 1.00093 -0.978302 0 0 1 1
1.00046 -0.000362905 -0.00656128 -0.00106438 1.00126 0.387482 0 0 1 1
1.00012 0.00184741 -0.913208 0.000199961 0.999795 0.412048 0 0 1 1
1.00009 0.00283185 -0.611511 0.000189248 0.996303 1.75323 0 0 1 1
1.00002 0.00194281 0.392578 -0.00044668 0.998279 0.0835266 0 0 1 1
1.00045 0.000951279 0.408752 0.000372262 1.00265 -0.56189 0 0 1 1
1.00042 -0.00188096 0.516083 0.000537009 0.996252 1.50516 0 0 1 1
1.00036 0.000107011 -0.720825 0.000962871 0.997835 0.137512 0 0 1 1
1.00008 0.00187709 -0.277313 0.000262845 1.00027 0.403229 0 0 1 1
1.00014 -0.00187419 0.159821 0.000681421 0.998961 0.840027 0 0 1 1
1.00011 0.000587333 -0.864471 0.0010038 0.998771 0.712952 0 0 1 1
1.00012 0.00218249 -0.535065 0.000610263 0.998419 0.705414 0 0 1 1
1.00006 0.00162471 0.526825 0.000584311 0.998788 0.300812 0 0 1 1
1.00023 -0.00128851 0.992767 0.000212541 1.00037 0.202148 0 0 1 1
1.00012 -0.000889215 -0.0804443 -0.000115527 0.998557 0.871948 0 0 1 1
0.999921 0.000351941 -0.50528 -0.000296663 0.997261 0.773834 0 0 1 1
1.00014 0.00138945 -0.843964 -0.00045856 1.00031 0.0148926 0 0 1 1
1.00008 -0.000126534 0.112976 0.000543572 0.999833 0.261017 0 0 1 1
0.999995 -0.00141989 0.457977 0.000632271 0.998757 0.454895 0 0 1 1
1.00012 -0.00101928 0.0957947 0.000284575 1.00054 -0.0466919 0 0 1 1
1.0001 -0.000223794 0.0317993 0.000232517 0.999587 0.352264 0 0 1 1
1.02007 -0.000824877 -6.31354 0.000159463 1.01626 -4.67081 0 0 1 1
1.00009 -0.00123889 0.125885 -3.03315e-05 1.00091 -0.0671997 0 0 1 1
1.06403 -0.00161213 -19.9096 0.000269504 1.06975 -15.3814 0 0 1 1
1.02622 0.000648443 -8.78418 -0.000561456 1.01616 -4.89075 0 0 1 1
1.01763 0.0025296 -7.25171 -0.000506049 1.01837 -6.05627 0 0 1 1
0.999612 0.000643299 1.62457 0.000164983 1.0024 -1.27759 0 0 1 1
1.04643 -0.000996262 -13.1725 0.00115293 1.04683 -11.4998 0 0 1 1
1.02359 -0.00189784 -5.25946 0.000924606 1.029 -6.49313 0 0 1 1
0.999963 -0.000322303 0.916473 -0.000910136 1.00063 0.115784 0 0 1 1
1.02941 0.00067593 -8.95581 -0.00285136 1.02548 -5.95035 0 0 1 1
1.04645 0.00162517 -15.992 -0.0019619 1.05253 -11.5503 0 0 1 1
0.999908 0.00288971 -1.33182 -0.00163168 1.00065 0.637848 0 0 1 1
1.0264 0.00074043 -9.55688 0.000771255 1.01492 -5.08539 0 0 1 1
1.02156 -0.000989493 -7.06619 0.0012762 1.03017 -7.32529 0 0 1 1
0.999636 -0.00205205 1.64056 0.00187327 1.0027 -2.55664 0 0 1 1
1.0629 -0.00146821 -17.3757 0.000778497 1.05662 -13.9943 0 0 1 1
1.02956 -0.00244974 -8.53735 0.000281992 1.0366 -8.17032 0 0 1 1
0.999787 -0.000667464 -0.970795 -7.6808e-05 0.999452 0.228943 0 0 1 1
1.03045 0.000966807 -10.7341 0.000224649 1.02997 -8.14484 0 0 1 1
1.03126 0.0013817 -11.2328 0.00153132 1.03093 -9.19626 0 0 1 1
0.999674 0.00174706 1.65805 -9.89739e-05 1.00019 -0.56485 0 0 1 1
1.03224 -0.00164224 -6.95456 0.000225103 1.03283 -8.72498 0 0 1 1
1.03341 -0.00120291 -9.02234 -0.000451919 1.03318 -6.74738 0 0 1 1
1.00002 -0.000864094 -0.0346985 -0.000693255 1.00081 -0.0103455 0 0 1 1
1.07214 0.00271745 -24.5515 -0.000727216 1.0708 -15.4389 0 0 1 1
1.03729 0.00160283 -14.3612 -0.000961035 1.03633 -9.0235 0 0 1 1
0.999816 0.000351133 -0.052887 -9.31121e-05 1.0001 -0.424805 0 0 1 1
1.03057 -0.000100215 -9.85706 7.02873e-05 1.03062 -7.99969 0 0 1 1
1.09196 -0.000579606 -27.7379 0.000643763 1.08997 -21.3397 0 0 1 1
0.999076 -0.000921534 0.437103 0.00116987 1.00105 -1.05734 0 0 1 1
1.0439 -0.00292312 -15.5086 0.00118734 1.04402 -11.4455 0 0 1 1
1.04686 0.00039112 -16.386 0.00178923 1.04464 -11.7694 0 0 1 1
0.999735 0.000701323 -0.454407 0.000235749 0.99954 0.0518188 0 0 1 1
0.999357 0.000872441 -0.0144653 -0.000351746 0.999245 -0.0704346 0 0 1 1
1 0 0 0 1 0 0 0 1 0
1.00054 -0.0020702 1.54276 0.000806471 1.00071 -0.431244 0 0 1 1
0.999944 -0.00014415 -0.189575 -0.000320639 0.998955 0.651123 0 0 1 1
0.999779 0.000181388 -0.445068 -3.4093e-05 1.00057 -0.420441 0 0 1 1
0.999854 0.00166551 0.106628 -0.00119312 0.999033 -0.247528 0 0 1 1
1.00008 0.00105759 0.433777 -0.00124 1.00113 -0.359833 0 0 1 1
0.999999 0.000564199 0.032135 0.000204788 0.99991 -0.130463 0 0 1 1
1.00015 -0.000388254 1.20984 0.000118217 1.00013 -0.397217 0 0 1 1
1.00003 -0.0012334 0.334412 0.00108692 0.998985 -0.677673 0 0 1 1
1.00018 0.000174273 0.597321 -0.000141345 0.999799 -1.95706 0 0 1 1
0.999856 0.00214981 1.10995 -0.0019011 1.00002 -1.13275 0 0 1 1
1.00044 0.000656851 1.00046 -0.00107965 1.00108 -0.627899 0 0 1 1
1.00013 -0.00118763 0.769165 0.000572206 0.999876 -0.0519409 0 0 1 1
0.999983 -0.000708475 -0.148743 0.00102772 1.00012 -0.717743 0 0 1 1
1.0003 0.00117876 0.676636 0.000623447 0.998581 0.0578308 0 0 1 1
1.00014 -0.00313587 1.22745 0.000623467 1.0016 -1.58405 0 0 1 1
0.999787 0.00252326 -1.21054 0.000347779 0.997989 -0.976837 0 0 1 1
0.999886 -0.000823485 2.26178 -0.000836844 1.00005 -1.56116 0 0 1 1
1.0002 0.000593831 1.12973 -0.000463955 0.999805 -2.18338 0 0 1 1
0.9999 -0.00310451 0.0426331 0.000335423 1.0016 -2.49622 0 0 1 1
0.999951 0.00143677 -1.51926 -8.24277e-06 0.99947 -1.19208 0 0 1 1
0.999777 1.36449e-05 0.703491 0.000576017 1.00014 -1.01871 0 0 1 1
0.999882 -0.00185075 0.701508 0.000457161 1.00038 -1.07202 0 0 1 1
0.99995 0.00250465 -0.490845 -0.000790114 0.997555 -1.19647 0 0 1 1
0.999922 -0.0012456 0.33197 -0.000504461 1.00119 -2.10278 0 0 1 1
0.99982 0.000211741 -0.384064 -2.285e-05 1.00008 -1.89584 0 0 1 1
0.99994 3.24694e-05 0.00115967 0.000226175 1.00153 -0.804932 0 0 1 1
1.00019 -0.000754694 0.594086 0.000765259 0.998617 1.33221 0 0 1 1
0.999869 -9.30426e-06 -0.00854492 0.000346422 0.999559 -1.61029 0 0 1 1
1.00024 -0.00097346 0.591187 0.000271142 1.00151 -1.21823 0 0 1 1
0.999701 0.000811839 -0.308655 -0.000192449 1.00062 1.22015 0 0 1 1
1.00045 -0.000168391 0.84021 -0.000221694 0.997947 0.369751 0 0 1 1
0.999912 0.00234034 -0.534515 -0.00145359 0.997341 -1.76416 0 0 1 1
0.999814 -0.000741086 0.491791 -0.000957909 1.00377 -1.78738 0 0 1 1
1.00003 -0.000289712 -0.356567 0.000575063 1.00108 -0.0121155 0 0 1 1
0.999786 -0.000287422 -0.334961 0.000208767 0.996214 -0.0210876 0 0 1 1
0.9997 -0.000855245 0.216797 0.000127895 1.00232 -3.4035 0 0 1 1
1.00002 -0.00334596 -1.53549 0.0022256 1.00378 1.75555 0 0 1 1
0.999668 -0.00249445 -2.00024 0.00188921 1.00008 5.19168 0 0 1 1
0.999466 0.000918372 -3.21466 0.000802581 0.996505 2.72198 0 0 1 1
0.999875 0.00086327 -1.35376 9.12788e-05 0.998949 -0.130188 0 0 1 1
0.999692 -0.00385386 -1.91052 0.000845689 1.00084 0.033844 0 0 1 1
0.999953 -0.000255964 -4.21844 0.00104041 1.00063 -0.781586 0 0 1 1
0.999901 0.000362456 -2.68881 0.000513636 0.999146 0.932922 0 0 1 1
0.999762 0.000650732 -0.654633 -0.000279295 0.998028 -0.140106 0 0 1 1
0.945476 -2.25377e-05 15.9832 -0.000520216 0.950629 10.0897 0 0 1 1
0.999696 0.00113353 -0.672974 0.000140543 0.998315 -1.03323 0 0 1 1
1.00023 0.000196999 0.253571 -0.000151106 1.00056 -3.24646 0 0 1 1
0.999823 0.00154295 1.17346 -0.000641716 1.00026 -1.80414 0 0 1 1
0.999869 -0.0013093 1.57138 -0.000542613 1.00169 -0.85498 0 0 1 1
0.999962 -0.00437232 0.0736084 0.00126504 1.00086 0.705612 0 0 1 1
0.999741 0.000529582 -0.377533 0.00028841 0.999394 0.866669 0 0 1 1
1.00028 0.00137232 0.621857 -0.000112378 0.998484 -0.344635 0 0 1 1
1.00006 -0.000532495 0.853088 -0.000137535 1.00106 -0.862183 0 0 1 1
0.99979 -0.000461766 -0.259399 -0.000521389 0.999946 0.97934 0 0 1 1
0.999883 0.000528733 -1.302 -0.000344558 0.999325 0.294067 0 0 1 1
1.0001 0.00115531 -0.104645 -0.000236809 1.00009 -0.916077 0 0 1 1
0.999862 0.000414045 0.0846252 -0.000881795 1.00112 0.79187 0 0 1 1
0.999917 0.000447342 -0.250366 -0.00106045 0.999712 0.619263 0 0 1 1
1.0007 -0.00022983 -1.48352 -0.000328213 1.00011 0.741852 0 0 1 1
0.999755 0.00187033 -0.794617 -0.00060481 0.998954 0.326324 0 0 1 1
0.893841 0.000810432 34.7863 -0.000889279 0.891139 22.7077 0 0 1 1
0.835688 -0.00262492 56.3015 -0.000932095 0.841998 37.5755 0 0 1 1
0.999839 0.00138157 -0.561676 -0.00120562 0.999017 1.62582 0 0 1 1
0.913605 0.000875931 26.3199 -0.000949299 0.91386 20.3293 0 0 1 1
0.999918 -0.000950557 1.01416 0.000182241 1.0026 -2.42969 0 0 1 1
0.970709 -0.00330707 8.96109 0.00172881 0.970821 6.94409 0 0 1 1
0.963843 0.00275093 11.5467 -8.71462e-05 0.964171 9.43591 0 0 1 1
0.999944 0.00138349 0.487579 -0.000554581 0.99985 0.650726 0 0 1 1
0.932746 -0.0013413 21.2825 0.000117031 0.932923 15.3123 0 0 1 1
0.967642 -0.000499687 9.69131 -0.00017105 0.96793 6.45447 0 0 1 1
1.00002 0.00048225 -0.550171 -0.000323942 1.00012 0.14389 0 0 1 1
0.968693 -0.000135269 9.52478 -0.000105037 0.969014 8.04303 0 0 1 1
0.969835 -0.000883861 10.7243 0.000467989 0.969947 8.14462 0 0 1 1
0.999913 -0.000784372 0.0955505 0.000892614 1.00112 0.048645 0 0 1 1
0.970552 -6.60022e-05 8.50186 -1.66506e-05 0.968678 8.65656 0 0 1 1
0.971376 -0.000149924 8.31128 -0.000231122 0.965816 7.11182 0 0 1 1
1.00003 0.000947811 -0.366882 8.86734e-05 1.00021 -0.105133 0 0 1 1
0.940847 -0.000997124 18.0372 0.000186107 0.946899 12.2682 0 0 1 1
0.979159 -0.00125881 7.46417 0.000844093 0.968728 6.78299 0 0 1 1
1.00003 0.00302371 -0.478546 0.000330148 0.998553 0.411438 0 0 1 1
0.974307 -0.00175948 10.6454 3.65476e-05 0.984929 4.91949 0 0 1 1
1.00003 -0.00166638 0.0783997 0.00019773 1.0003 -0.240265 0 0 1 1
1.00025 0.000547942 -1.00516 0.000485424 1.00029 -0.0837402 0 0 1 1
0.955836 0.00111709 13.6666 -0.000423951 0.950993 12.0408 0 0 1 1
0.948702 -0.00160678 15.8855 0.000585299 0.948448 11.9922 0 0 1 1
1.00012 0.00114289 -0.438324 -1.8541e-05 0.999475 0.31546 0 0 1 1
0.95559 0.00130126 14.9476 -0.000486558 0.955273 10.4236 0 0 1 1
0.982486 -0.00117866 7.45868 -0.000511304 0.982745 5.50754 0 0 1 1
1 -0.00118582 -0.0374756 0.000724029 0.999889 -0.375519 0 0 1 1
0.974566 -0.000322298 7.40945 0.000188475 0.983121 5.24387 0 0 1 1
0.959231 0.000245142 12.3104 0.000233897 0.95455 9.33899 0 0 1 1
1.00004 0.00101327 0.0798035 -0.000207243 0.999703 0.0141907 0 0 1 1
0.97993 0.00147772 6.55191 -0.000864887 0.978866 5.56223 0 0 1 1
0.98013 -0.000380451 7.77701 0.000259174 0.984058 3.46536 0 0 1 1
1.00014 -0.0019914 1.21088 -9.87107e-05 1.00145 -0.695679 0 0 1 1
1.00014 -0.000616048 -0.0554199 -0.000821177 1.00008 0.473206 0 0 1 1
0.999781 -0.000542557 -0.115753 0.00012643 1.00057 0.119049 0 0 1 1
1.00002 -0.000798948 -0.454041 0.00100462 0.999948 0.326752 0 0 1 1
0.999697 -0.00204932 0.14386 0.0023857 0.997895 -0.415161 0 0 1 1
0.999888 -0.00236002 0.544037 0.00237572 0.99963 -1.22128 0 0 1 1
0.999966 -0.00240191 0.51767 0.0019977 1.0017 -0.976593 0 0 1 1
1.00011 -0.00472205 0.708954 0.00321331 1.00348 -1.0415 0 0 1 1
1.00041 0.00160153 -1.13013 -0.000104958 0.995363 3.47012 0 0 1 1
0.999548 -0.00358805 2.08804 -0.00219116 1.00917 -3.42334 0 0 1 1
0.999109 0.00838054 -2.92892 0.000224566 0.983728 4.52087 0 0 1 1
0.999736 -0.00856517 3.90671 -0.00131372 1.0129 -3.81046 0 0 1 1
0.999974 0.0034388 -1.56018 -0.00189529 0.996819 2.51651 0 0 1 1
1.00006 0.00685672 -1.93896 -0.00668122 0.999113 3.29169 0 0 1 1
0.999812 0.0159804 -2.90381 -0.0123984 1.00166 4.95056 0 0 1 1
0.999298 0.0264232 -4.60205 -0.0227823 0.988249 11.0852 0 0 1 1
0.999021 0.0300281 -5.22845 -0.0346297 1.00222 8.12949 0 0 1 1
0.997792 0.0481475 -11.9439 -0.0456568 1.00069 15.6509 0 0 1 1
0.996526 0.059296 -12.3677 -0.0547422 0.997423 18.0837 0 0 1 1
0.995307 0.062404 -10.1809 -0.055078 1.00258 15.489 0 0 1 1
0.995086 0.0477236 -4.53302 -0.0479008 1.00721 11.1903 0 0 1 1
0.995864 0.0434491 -5.91937 -0.0419421 1.00334 11.311 0 0 1 1
0.998021 0.0369519 -5.78445 -0.03877 0.998869 10.9731 0 0 1 1
0.996575 0.0256311 -3.33197 -0.0318832 1.00174 6.44357 0 0 1 1
0.996848 0.00937875 -1.93713 -0.0201086 1.00759 1.12302 0 0 1 1
0.999626 0.0124162 -7.31036 -0.0152108 1.01036 3.64835 0 0 1 1
1.0002 0.0129148 -7.34579 -0.00984538 1.00006 7.01334 0 0 1 1
0.997716 -0.00508679 0.757568 0.00104968 0.997473 0.87265 0 0 1 1
0.996551 -0.0145315 1.29285 0.0091883 1.00957 -5.04596 0 0 1 1
0.993917 -0.0155758 0.3284 0.0107407 1.00498 -0.0495605 0 0 1 1
0.989548 -0.0228695 1.36829 0.0183502 1.00191 -1.03592 0 0 1 1
0.988317 -0.0231145 -1.16534 0.0241409 0.997745 -1.22101 0 0 1 1
0.987677 -0.0256724 -1.30026 0.0289033 0.995798 -3.06403 0 0 1 1
0.988964 -0.043424 2.05554 0.0397979 1.00838 -8.75626 0 0 1 1
0.966663 -0.0438512 7.65048 0.0760633 0.996607 -15.8707 0 0 1 1
0.98487 -0.0445006 -0.618286 0.0511658 0.985308 -3.72311 0 0 1 1
0.997382 -0.0570285 -1.95337 0.0535135 0.989735 -13.4221 0 0 1 1
0.974322 -0.0790022 10.8009 0.0710605 1.01996 -28.7811 0 0 1 1
0.982042 -0.0679294 0.819702 0.0623336 1.00503 -12.9808 0 0 1 1
1.0161 -0.0717311 -10.2717 0.059992 1.01518 -14.7663 0 0 1 1
1.0112 -0.0507248 -13.6454 0.0552632 1.00834 -12.2201 0 0 1 1
0.995857 -0.0599096 -3.96735 0.0587597 1.02143 -14.7478 0 0 1 1
1.00768 -0.0501861 -5.14581 0.0583633 0.999563 -8.06583 0 0 1 1
1.00169 -0.0555426 3.45114 0.0646213 0.993552 -11.2302 0 0 1 1
1.0013 -0.0507269 7.23808 0.0674038 0.993708 -16.6855 0 0 1 1
1.00205 -0.0476997 16.4155 0.0613804 1.00607 -18.0276 0 0 1 1
0.996976 -0.0562091 25.3022 0.0523503 0.99756 -9.84503 0 0 1 1
1.00157 -0.0583082 24.9404 0.05399 1.00792 -11.4445 0 0 1 1
0.991644 -0.0446468 23.6218 0.0494615 1.0153 -6.72949 0 0 1 1
1.01861 -0.0171137 14.7796 0.0475959 1.01118 0.869537 0 0 1 1
1.02271 0.0175077 12.2355 0.0321984 0.996394 7.85483 0 0 1 1
1.02536 0.0203469 12.1255 0.0139274 1.00609 7.16092 0 0 1 1
0.993671 0.059236 10.8058 -0.0212516 0.999136 17.4731 0 0 1 1
0.960843 0.068691 23.0286 -0.0633083 0.990366 28.843 0 0 1 1
1.03353 0.149413 -19.7854 -0.0845959 0.973511 33.1098 0 0 1 1
1.03669 0.15571 -19.8931 -0.110067 0.980775 31.3481 0 0 1 1
1 0 0 0 1 0 0 0 1 0
1 0 0 0 1 0 0 0 1 0
0.991436 0.113894 11.0923 -0.0963305 0.938813 29.7009 0 0 1 1
1.00189 0.0733191 14.1749 -0.0927586 1.04305 5.55237 0 0 1 1
1.00153 0.0959987 -0.667603 -0.100959 0.988964 25.1464 0 0 1 1
1.01236 0.0675411 -9.09515 -0.095539 1.04716 12.3949 0 0 1 1
0.994528 0.0286782 -13.4437 -0.0649038 1.01735 29.4043 0 0 1 1
0.988137 0.0187239 -20.7432 -0.0329884 1.01686 23.0175 0 0 1 1
0.980968 0.0231118 -25.0274 -0.0329451 0.969564 37.5074 0 0 1 1
0.979556 0.0538965 -22.9867 -0.0245388 0.987367 24.5665 0 0 1 1
0.985076 0.0345591 -18.7797 -0.0280118 0.976436 26.2094 0 0 1 1
0.986462 0.0360127 -19.6648 -0.0334586 0.97798 23.0431 0 0 1 1
0.985107 0.0477696 -20.1226 -0.036732 1.00282 18.2364 0 0 1 1
0.99955 0.0183357 -20.4534 -0.0295047 0.99291 21.7131 0 0 1 1
0.998962 -0.0240115 -14.8511 -0.001188 0.996736 6.83942 0 0 1 1
0.966806 -0.0286765 -5.09448 0.0292125 1.01881 -7.12158 0 0 1 1
0.976862 -0.00963483 -13.1718 0.0421476 0.984591 2.51541 0 0 1 1
0.980781 -0.0420315 -4.25763 0.0479374 0.964384 -5.48543 0 0 1 1
0.961759 -0.13486 23.7945 0.0834635 1.00523 -39.0227 0 0 1 1
0.956082 -0.124289 11.8515 0.106517 1.02229 -38.1937 0 0 1 1
0.958354 -0.126134 1.12885 0.104487 0.989246 -16.6992 0 0 1 1
1.00741 -0.121651 -19.0772 0.0844095 1.01024 -20.8229 0 0 1 1
1.0093 -0.13452 -14.7913 0.110428 1.02689 -33.3799 0 0 1 1
1.02366 -0.109431 -21.421 0.106868 1.0233 -28.9629 0 0 1 1
1.01712 -0.066423 -18.4321 0.094755 1.01719 -22.5603 0 0 1 1
1.00441 -0.0309223 -8.08678 0.0705898 1.01113 -17.3503 0 0 1 1
0.998401 -0.011418 5.81505 0.0462994 1.0225 -13.0797 0 0 1 1
0.998651 0.000671674 16.0757 0.0229009 0.993576 3.52835 0 0 1 1
0.987637 -0.00344251 27.023 0.0121094 0.999016 6.38963 0 0 1 1
0.983839 0.0194926 33.5206 -0.00271779 0.988317 13.1528 0 0 1 1
0.965233 0.0192389 44.2026 -0.00586054 0.989955 11.1753 0 0 1 1
1.01161 0.0303589 36.2956 -0.0247209 0.999428 18.997 0 0 1 1
0.978056 0.0348375 45.5798 -0.0227478 0.99136 24.524 0 0 1 1
0.996257 0.0809475 35.1814 -0.0390823 1.00324 25.9944 0 0 1 1
1.03736 0.0885294 27.0515 -0.0777708 0.984239 37.9247 0 0 1 1
1.01299 0.0491391 39.8259 -0.0729505 1.02848 16.8561 0 0 1 1
0.997677 0.0830395 31.5228 -0.078787 1.00569 24.9394 0 0 1 1
1.01494 0.0758129 21.1537 -0.0959767 1.00559 29.2441 0 0 1 1
0.984316 0.0714791 21.7072 -0.0837197 0.973832 24.684 0 0 1 1
0.991864 0.029353 25.7144 -0.0745181 1.01268 8.96274 0 0 1 1
0.997663 0.00740103 13.4416 -0.0579676 1.02212 10.5108 0 0 1 1
0.996452 0.0465808 -14.8648 -0.063118 0.991129 23.8902 0 0 1 1
1.00059 0.0220631 -12.1603 -0.0383075 1.01222 8.10217 0 0 1 1
0.989455 0.00150784 -10.0551 -0.0168624 1.01889 6.8725 0 0 1 1
0.980543 -0.00912219 -12.9327 0.00277946 1.00626 11.8694 0 0 1 1
0.976875 -0.0229249 -11.2615 0.0285057 0.99573 5.21368 0 0 1 1
0.973082 -0.0581899 -7.65369 0.059584 0.986077 -4.90775 0 0 1 1
0.96582 -0.0487926 -9.68253 0.0643646 0.980735 -1.32706 0 0 1 1
0.986217 -0.0589861 -16.0333 0.0548301 0.963535 1.71643 0 0 1 1
0.957044 -0.106756 9.51346 0.0919855 0.988567 -31.4821 0 0 1 1
1 0 0 0 1 0 0 0 1 0
1 0 0 0 1 0 0 0 1 0
0.982266 -0.0515185 -21.47 0.0403862 0.968625 1.47006 0 0 1 1
0.99563 -0.038338 -23.9652 0.0384534 1.00689 -23.3696 0 0 1 1
0.993097 -0.0252929 -19.2767 0.0441014 1.02161 -19.6721 0 0 1 1
1.00159 0.0250148 -19.3899 0.0223382 0.992867 -0.284393 0 0 1 1
1.00185 0.029323 1.31445 0.0120731 0.993543 -0.609283 0 0 1 1
1.01331 0.0214182 10.6639 -0.00932568 1.00256 3.02838 0 0 1 1
1.00767 0.0407083 11.6508 -0.0347139 1.00387 13.012 0 0 1 1
1.01682 0.050654 5.85052 -0.0493293 0.997377 18.4039 0 0 1 1
1.01107 0.0527475 11.2278 -0.0471345 1.00748 12.1129 0 0 1 1
1.00973 0.0462145 11.1177 -0.0461145 0.994022 13.8561 0 0 1 1
1.01212 0.0224142 12.7947 -0.033891 1.01388 4.73163 0 0 1 1
1.01531 0.00966325 12.0696 -0.0117641 1.00684 -0.593903 0 0 1 1
1.01381 -0.0173964 15.8631 0.00383743 1.01253 -7.61871 0 0 1 1
1.00377 -0.0379356 15.9759 0.0104965 1.00317 -3.72098 0 0 1 1
1.00019 -0.0295878 6.11752 0.0182318 1.00093 -5.09528 0 0 1 1
1.00108 -0.0215352 0.68335 0.0131749 0.999477 -3.71802 0 0 1 1
0.995993 -0.00873706 -1.27985 0.0048298 0.988539 -2.5083 0 0 1 1
0.997067 0.00338147 -0.965088 0.00776166 0.982631 -8.14679 0 0 1 1
0.999314 -0.0108156 6.11557 0.0129259 0.978617 -14.6216 0 0 1 1
1.002 -0.00591344 7.83609 0.00206205 0.99273 -21.188 0 0 1 1
1.01006 -0.0155513 7.74319 0.0119646 0.960457 -21.3911 0 0 1 1
1.00299 -0.0186396 10.2888 0.00555076 1.02094 -28.3922 0 0 1 1
1.00376 -0.0337722 12.167 0.0161511 0.994731 -17.1004 0 0 1 1
0.999594 -0.0253459 7.23907 0.0132175 1.0105 -12.1717 0 0 1 1
0.996272 -0.0114551 0.780212 0.00735124 1.02698 -3.8165 0 0 1 1
0.993343 -0.00399537 -2.84634 0.00867763 1.01391 9.08936 0 0 1 1
0.99349 0.00790799 -6.01834 0.00238883 1.01598 19.732 0 0 1 1
0.997869 0.024084 -10.7631 -0.00736256 1.01665 28.1552 0 0 1 1
1.00389 0.0355847 -12.3608 -0.00773203 1.01574 26.6967 0 0 1 1
1.00763 0.0239035 -6.16504 -0.0146288 1.03672 24.951 0 0 1 1
1.00603 -0.00215589 -3.26962 -0.0107393 1.0268 32.7297 0 0 1 1
1.00425 -0.0101116 -5.5813 -2.28249e-05 1.02821 24.936 0 0 1 1
0.998227 0.0211717 -17.6192 -0.00470064 1.01142 29.6344 0 0 1 1
1.01263 0.028807 -20.5524 -0.0203352 1.01436 31.1668 0 0 1 1
1.01115 0.0161668 -14.1612 -0.0135514 1.00372 27.4125 0 0 1 1
1.00743 -0.00124957 -5.1082 -0.00277547 0.995219 18.5581 0 0 1 1
1.00103 0.00904976 -7.40009 -0.000185328 0.984342 15.104 0 0 1 1
1 0.00259795 -3.83136 0.00023053 0.982711 7.22299 0 0 1 1
0.996603 -0.00822951 0.750336 0.0034253 0.986649 -2.02063 0 0 1 1
0.995272 -0.00837096 2.19916 0.00184937 0.985867 -7.36838 0 0 1 1
0.994225 -0.0108383 6.1908 0.00263124 0.988809 -14.5809 0 0 1 1
0.993057 -0.0191815 11.3137 0.00598645 0.99157 -23.3006 0 0 1 1
1.0007 -0.0365156 8.71997 0.00764267 0.992845 -29.0688 0 0 1 1
0.989937 0.0144044 -2.76196 -0.00280044 0.97474 -15.7938 0 0 1 1
0.990914 0.0238636 1.81161 -0.0079705 0.956455 -13.7813 0 0 1 1
1.0015 0.0206124 7.63828 -0.0107413 0.977661 -26.3641 0 0 1 1
1.00866 0.0104529 12.5455 -0.00748869 0.991376 -32.461 0 0 1 1
1.0111 -0.015455 16.938 -0.0156446 1.00739 -29.6286 0 0 1 1
1.0169 -0.0341604 9.05627 -0.00598733 1.00785 -27.1244 0 0 1 1
0.998441 -0.0339286 8.09067 0.00726129 0.989933 -15.5371 0 0 1 1
0.995381 -0.0250189 2.19305 0.016877 1.00687 -15.8925 0 0 1 1
1.00082 -0.0137554 -1.96307 0.0234841 1.01715 -14.3234 0 0 1 1
0.999853 -0.0155279 3.43451 0.0209647 1.03005 -4.95839 0 0 1 1
0.999845 -0.00583582 0.487213 0.0123412 1.01662 12.1822 0 0 1 1
0.999213 0.00260265 -3.94217 0.00697951 1.02021 22.2369 0 0 1 1
0.997562 0.0126395 -9.10919 0.0682876 1.02121 -4.8974 0 0 1 1
1.00087 0.020459 -12.1322 -0.00990787 1.02894 26.2946 0 0 1 1
1.00333 0.0146122 -10.941 -0.0116186 1.02361 30.7664 0 0 1 1
1.00561 0.0069589 -11.9559 -0.0120397 1.03564 27.4633 0 0 1 1
1.00787 -0.00512231 -13.4068 -0.00420939 1.02178 29.9488 0 0 1 1
1.018 -0.0118754 -15.7704 0.00341202 1.0042 25.6606 0 0 1 1
0.999695 0.0115952 -14.3766 -0.00656431 1.00608 22.494 0 0 1 1
0.993485 0.0227907 -12.2537 -0.00614432 0.977548 27.2005 0 0 1 1
1.00044 0.0186572 -10.8638 -0.00580184 0.979648 17.0181 0 0 1 1
0.998114 -0.00116041 -1.07739 -0.000485293 0.984124 4.40146 0 0 1 1
0.995195 -0.009226 3.06174 0.0086337 0.98636 -7.76224 0 0 1 1
0.994686 -0.0130541 7.61761 0.00885729 0.989409 -14.5606 0 0 1 1
1.00304 -0.0179257 6.07086 0.00773118 0.989872 -20.7179 0 0 1 1
1.0018 -0.0115574 6.31781 -0.00610106 0.997654 -20.7053 0 0 1 1
0.998885 -0.0160402 8.61908 0.00466102 1.00135 -30.3508 0 0 1 1
0.992555 0.00377242 4.12103 -0.000640161 0.982283 -18.8396 0 0 1 1
0.996648 -0.00120707 5.14099 -0.00422926 0.987962 -17.326 0 0 1 1
0.993902 -0.00530297 4.61017 -0.00783568 0.997032 -16.0321 0 0 1 1
0.995337 -0.0134647 1.99258 -0.00059264 1.00875 -15.2606 0 0 1 1
0.993923 -0.0131712 1.02026 0.00621903 0.991663 -6.4635 0 0 1 1
0.994711 -0.0124528 -0.0960083 0.00404008 1.00081 -5.23105 0 0 1 1
0.994709 -0.00680229 -3.49429 0.00160042 1.00389 -1.73828 0 0 1 1
0.997568 0.00561461 -7.35678 0.00112216 1.00025 1.93289 0 0 1 1
1.0007 0.0122642 -5.77649 0.000534557 1.00441 0.956787 0 0 1 1
1.00704 0.0316633 -6.60696 0.00076154 1.01765 -1.15445 0 0 1 1
1.01135 0.020304 4.3418 -0.00352595 1.00344 7.34558 0 0 1 1
1.01366 0.0115237 7.53079 -0.00422342 1.00838 6.12912 0 0 1 1
1.01317 0.00219838 9.07523 -0.000246773 1.00681 4.70285 0 0 1 1
1.01805 0.00694567 6.60043 0.00321012 1.00922 4.14874 0 0 1 1
1.01952 0.00506956 11.7045 -0.00387192 0.99982 10.8322 0 0 1 1
1.01532 0.006766 9.89545 -0.00318947 0.994622 4.44559 0 0 1 1
1.01734 0.00786641 9.93417 0.00288296 1.01274 -4.08365 0 0 1 1
1.02141 0.0124106 11.3455 0.0110421 0.997227 -4.35132 0 0 1 1
1.02632 -0.0128541 24.3842 0.00549885 0.99415 -6.31284 0 0 1 1
1.00868 -0.0280405 25.0996 -0.0147165 0.999277 -1.19452 0 0 1 1
0.996072 -0.0449205 13.0212 -0.0112587 1.00551 -3.06674 0 0 1 1
0.987749 -0.0330173 -7.88599 0.00687375 1.00408 -7.58701 0 0 1 1
0.974789 -0.0103032 -14.5759 0.00759645 0.996745 2.14011 0 0 1 1
0.978442 0.00911343 -21.2847 -0.00476128 0.985209 10.8549 0 0 1 1
0.978913 0.00465862 -16.2129 -0.00468509 0.983702 6.48047 0 0 1 1
0.981368 -0.00437031 -13.0844 -0.00493414 0.986771 1.67041 0 0 1 1
0.979736 -0.00729284 -13.7867 -0.00727137 1.00216 -1.28311 0 0 1 1
0.982027 0.00371278 -19.6297 -0.0126268 0.986156 8.04596 0 0 1 1
0.984167 -0.0038494 -17.3334 -0.0169807 0.995393 6.2236 0 0 1 1
0.984778 0.0137381 -27.5574 -0.019248 0.989383 8.90372 0 0 1 1
0.965748 0.00430454 -18.8163 -0.00766403 0.998714 2.9953 0 0 1 1
0.982894 0.00300514 -19.5822 -0.0175571 1.00131 6.52197 0 0 1 1
0.989061 0.0123024 -24.1821 -0.0157958 1.00469 4.75763 0 0 1 1
0.993392 0.0246 -25.2239 -0.0148804 1.0003 2.85196 0 0 1 1
0.997254 0.0201818 -18.913 -0.00728602 1.00671 -1.61511 0 0 1 1
0.998294 0.0225528 -11.5042 -0.00537831 0.997903 2.1033 0 0 1 1
1.00019 0.0213505 -2.55844 -0.00102134 0.997154 0.0826111 0 0 1 1
1.00144 0.0100385 6.87424 0.000932525 0.997809 -2.28912 0 0 1 1
1.00326 0.00335614 10.8362 0.00363539 1.00528 -2.32913 0 0 1 1
1.00601 0.000874226 14.0501 0.00591527 0.992504 -0.497803 0 0 1 1
0.992341 0.00251981 21.4085 0.019804 0.992057 -4.10583 0 0 1 1
1.01636 0.00296538 21.762 0.00980365 0.99314 -2.06717 0 0 1 1
1.02197 0.00249741 22.7395 0.00326181 0.989506 -0.869354 0 0 1 1
1.01883 0.0161589 19.5374 0.00713985 0.994581 -5.81586 0 0 1 1
1.0228 -0.00375412 27.0057 0.00581589 1.01135 -11.5904 0 0 1 1
1.04068 -0.00133401 17.6276 0.0124011 1.00626 -8.57806 0 0 1 1
1.02218 -0.0223742 26.8608 0.0121815 1.01018 -9.20316 0 0 1 1
1.02149 -0.0309411 20.8329 0.0146155 1.00643 -8.30157 0 0 1 1
1.00046 -0.0267056 19.8866 0.0145884 0.999076 -6.02148 0 0 1 1
1.00033 -0.0249462 10.7875 0.00784433 1.00042 -3.68533 0 0 1 1
0.999941 -0.0170115 0.442749 0.00369267 0.997042 -0.972382 0 0 1 1
0.992195 -0.0133685 -1.54956 0.00392396 0.997608 -0.66394 0 0 1 1
0.98116 -0.0194316 1.25937 0.00402527 0.995737 0.689331 0 0 1 1
0.981973 -0.0131652 -3.6886 0.00424137 0.993962 2.01471 0 0 1 1
0.984336 -0.0237204 -1.2308 0.00229021 0.988113 3.08234 0 0 1 1
0.97341 -0.0155642 -1.49045 -0.00285952 0.994499 2.21451 0 0 1 1
0.984538 -0.00466018 -10.7811 -0.00464229 0.996247 3.61172 0 0 1 1
0.985374 0.00126715 -12.6702 -0.00774469 0.994507 4.92447 0 0 1 1
0.989361 -0.0174058 -8.2695 -0.00866854 0.996483 4.43781 0 0 1 1
0.988797 0.00981913 -17.771 -0.00755557 0.996494 5.41803 0 0 1 1
0.981937 0.0116442 -14.0266 -0.00402857 0.992814 7.16971 0 0 1 1
0.989093 0.0100934 -15.4233 -0.00579317 0.986907 7.90131 0 0 1 1
0.991084 0.00650651 -12.5549 -0.00497914 0.993098 3.05502 0 0 1 1
0.993218 0.011218 -10.7059 -0.00455395 0.99794 1.60699 0 0 1 1
0.996419 0.00997562 -8.01941 -0.00719616 0.995471 2.99097 0 0 1 1
0.997416 0.0103529 -6.12384 -0.00660307 0.999748 1.50174 0 0 1 1
0.999187 0.00827632 -3.78305 -0.0033834 1.00025 0.814575 0 0 1 1
0.999871 0.0104971 -1.78595 -0.00317139 0.998771 1.29251 0 0 1 1
1.00211 0.0118915 1.63632 -0.00133882 0.998664 0.0550537 0 0 1 1
1.00429 0.00483287 7.69049 0.000446397 0.998041 -0.904877 0 0 1 1
1.00467 0.00101477 9.09872 0.000114064 0.997217 -1.8627 0 0 1 1
1.00443 -0.0005535 9.00266 -0.000736664 1.00299 -4.11752 0 0 1 1
1.0043 0.00027324 6.57529 -0.00311921 1.0008 -1.0834 0 0 1 1
