1.00083 0.00350276 -1.31994 -0.0030374 1.00075 0.938193 8.29313e-07 8.02391e-07 1 1
1.00008 0.00463317 -1.36847 -0.00380401 0.999862 1.33629 4.0061e-07 -3.7997e-07 1 1
1.00044 0.00385392 -1.09402 -0.00434743 0.99992 1.29395 7.11242e-07 1.81915e-07 1 1
1.00049 0.00508909 -1.47904 -0.00483526 0.999814 1.50344 5.51089e-07 7.14788e-07 1 1
1.00085 0.00425755 -1.48577 -0.00448066 0.999636 0.937995 9.77868e-07 1.49443e-06 1 1
1.00128 0.00630748 -2.27312 -0.00450552 1.00247 0.421409 1.80686e-06 6.54764e-07 1 1
1.00039 0.00670493 -1.92853 -0.00563292 1.00063 1.57206 5.84965e-07 4.7213e-07 1 1
0.999396 0.00654143 -1.2501 -0.00642323 1.00084 1.95331 -2.09925e-07 -1.61122e-06 1 1
0.999488 0.00471181 -1.07546 -0.00651659 0.999308 2.92367 1.35994e-08 -2.35205e-06 1 1
0.999759 0.00392759 -1.35452 -0.00590167 0.997972 2.94833 4.40875e-07 -1.27172e-06 1 1
1.00172 0.00529196 -2.31876 -0.00455799 1.00073 1.69469 2.32618e-06 5.87665e-07 1 1
1.00083 0.00402789 -1.90127 -0.0046816 0.999869 1.39491 2.53732e-06 -1.69463e-06 1 1
1.0025 0.00326485 -2.6855 -0.00356802 1.00173 1.21689 3.71645e-06 2.12193e-07 1 1
1.00182 0.00504546 -3.25334 -0.0036275 1.00024 1.2717 3.73077e-06 -1.69007e-06 1 1
1.00157 0.00754582 -2.95865 -0.00514187 1.00058 2.08915 2.20617e-06 3.83896e-07 1 1
0.999476 0.00921553 -1.9966 -0.00604293 0.997554 2.10503 -4.51915e-07 -1.18204e-07 1 1
0.998873 0.00572101 -0.204235 -0.0066896 1.00063 1.07899 -2.39033e-06 2.2454e-06 1 1
0.999901 0.00379496 -0.579192 -0.00515524 1.0017 0.504888 -2.83011e-07 8.13857e-07 1 1
1.00068 0.00703008 -1.7512 -0.00545168 1.00151 1.63319 -3.54611e-08 1.88128e-06 1 1
0.998475 0.00561991 -0.624955 -0.00580284 0.998599 2.07325 -1.66831e-06 -9.71833e-07 1 1
0.999177 0.00467467 -0.39593 -0.00460559 1.00067 1.27616 -1.76692e-06 1.19032e-06 1 1
0.999362 0.00117062 0.0914241 -0.00361776 1.00035 1.24605 -1.68637e-07 -1.89427e-06 1 1
1.00082 0.00675771 -2.39634 -0.00615863 0.998173 3.8049 1.60167e-06 -1.33757e-06 1 1
0.999406 0.00361539 -0.643418 -0.00415393 0.998041 1.42286 -6.88541e-08 -9.52955e-07 1 1
0.999983 0.00423166 -0.945501 -0.00429106 1.00098 0.923593 -7.05965e-08 2.02418e-08 1 1
1.0009 0.00454575 -1.33726 -0.00450859 1.00083 1.51708 6.65628e-07 9.91749e-07 1 1
1.00006 0.00614719 -1.4511 -0.00551605 0.998545 2.01536 1.5413e-08 3.75609e-07 1 1
0.998832 0.0052441 -0.96004 -0.00608753 1.00117 1.4669 -7.45192e-07 -2.31872e-06 1 1
0.999266 0.00734839 -1.23487 -0.00593063 0.998329 2.83636 -1.08907e-06 -1.08319e-07 1 1
0.999101 0.00666704 -0.396241 -0.00728709 0.997795 2.75147 -1.96204e-06 1.62118e-06 1 1
1.00012 0.00627728 -1.19326 -0.00688089 1.00036 0.918801 -5.07643e-07 2.53124e-06 1 1
0.999957 0.0083046 -1.68473 -0.00706429 1.00205 0.900761 -1.25645e-06 3.27392e-06 1 1
1.00017 0.00693569 -1.31249 -0.00683094 1.00212 1.03586 -7.72154e-07 2.49872e-06 1 1
0.999708 0.00740392 -1.54717 -0.00691329 1.00076 1.89344 -8.49512e-07 1.06492e-06 1 1
0.999009 0.00790621 -1.18349 -0.00730381 1.00056 2.09188 -2.07781e-06 1.08653e-06 1 1
0.999615 0.0070216 -0.916112 -0.00701364 0.998303 2.45904 -1.75972e-06 2.84513e-06 1 1
0.998375 0.00786357 -0.813716 -0.00697251 1.00133 0.708575 -2.69324e-06 1.22032e-06 1 1
0.997757 0.00628501 -0.0162212 -0.00702657 0.99993 1.811 -4.0291e-06 1.81685e-06 1 1
0.998389 0.0030744 0.351594 -0.00513032 0.999806 1.36034 -2.97403e-06 1.4674e-06 1 1
0.999464 0.00478574 -0.716476 -0.00426896 1.00221 0.657655 -1.67924e-06 1.85728e-06 1 1
0.999433 0.00169827 -0.0458925 -0.00340063 1.00001 1.34468 -8.1531e-07 -1.56141e-08 1 1
1.00047 0.00206134 -0.799654 -0.00268119 0.999603 1.23375 1.58907e-06 -2.17974e-06 1 1
1.00039 0.005165 -1.42354 -0.00379301 0.99898 1.85988 3.84635e-07 2.69115e-07 1 1
0.998824 0.00502144 -0.614635 -0.00515667 0.999256 1.43804 -1.51542e-06 -1.24581e-08 1 1
1.00063 0.0036317 -0.819007 -0.00455291 1.00114 1.17652 5.50533e-07 7.66639e-07 1 1
1.00083 0.00519776 -1.6801 -0.00570497 1.0002 1.9749 1.27017e-06 1.46474e-07 1 1
1.00195 0.00625642 -2.54303 -0.00533326 1.00016 1.67884 2.17139e-06 2.13169e-06 1 1
1.0005 0.00797232 -2.50473 -0.00627047 1.00022 1.26536 9.37526e-07 2.28019e-07 1 1
1.00059 0.00726035 -1.87074 -0.00636641 1.0021 1.30527 1.1883e-07 2.00751e-06 1 1
1.0001 0.00654118 -1.59091 -0.00644468 0.999493 1.62647 4.80475e-07 -5.49122e-07 1 1
1.00015 0.00724049 -1.81655 -0.00682212 1.00163 2.0073 5.09405e-07 -5.08013e-07 1 1
0.999831 0.00809021 -1.7057 -0.00709327 0.999344 2.76726 -6.6904e-07 9.27474e-07 1 1
0.99983 0.00959899 -1.44899 -0.00822645 0.997529 2.68581 -1.36994e-06 3.1154e-06 1 1
0.998548 0.0105927 -1.18012 -0.00946755 1.00065 1.33688 -3.25779e-06 3.31275e-06 1 1
1.00013 0.00870458 -1.12958 -0.00880909 1.00161 0.938987 -2.04008e-06 5.76977e-06 1 1
0.998987 0.00952168 -1.43382 -0.00833586 1.0023 0.436836 -3.04224e-06 5.04914e-06 1 1
1.00026 0.00912446 -1.43583 -0.00734613 1.00282 0.49219 -1.49432e-06 4.69858e-06 1 1
1.00019 0.00749757 -1.11774 -0.00821719 1.00131 1.40355 -9.48659e-07 2.88002e-06 1 1
1.00121 0.00732638 -1.987 -0.00827313 1.00226 1.79077 6.99864e-07 2.92556e-06 1 1
1.0027 0.009957 -3.71892 -0.00851284 1.00227 2.144 3.36533e-06 1.68176e-06 1 1
1.00039 0.0127341 -3.66925 -0.00999707 0.999433 2.96319 3.91966e-07 1.57072e-06 1 1
0.999422 0.0121397 -2.34333 -0.0102657 0.999679 2.32813 -1.44342e-06 2.1253e-06 1 1
0.998076 0.00970748 -1.20059 -0.0104992 1.00073 1.8025 -3.61045e-06 3.15492e-06 1 1
